xof 0303txt 0032
template XSkinMeshHeader {
 <3cf169ce-ff7c-44ab-93c0-f78f62d172e2>
 WORD nMaxSkinWeightsPerVertex;
 WORD nMaxSkinWeightsPerFace;
 WORD nBones;
}

template VertexDuplicationIndices {
 <b8d65549-d7c9-4995-89cf-53a9a8b031e3>
 DWORD nIndices;
 DWORD nOriginalVertices;
 array DWORD indices[nIndices];
}

template SkinWeights {
 <6f0d123b-bad2-4167-a0d0-80224f25fabb>
 STRING transformNodeName;
 DWORD nWeights;
 array DWORD vertexIndices[nWeights];
 array FLOAT weights[nWeights];
 Matrix4x4 matrixOffset;
}

template AnimTicksPerSecond {
 <9e415a43-7ba6-4a73-8743-b73d47e88476>
 DWORD AnimTicksPerSecond;
}


AnimTicksPerSecond {
 24;
}

Material alien_level4 {
 0.752941;0.752941;0.752941;1.000000;;
 40.000000;
 0.000000;0.000000;0.000000;;
 0.000000;0.000000;0.000000;;

 TextureFilename {
  "F:/Users/Axel/Desktop/Bra modeller/player/zombie_monster/alien_level4.bmp";
 }
}

Frame Scene_Root {
 

 FrameTransformMatrix {
  1.000000,0.000000,0.000000,0.000000,0.000000,1.000000,0.000000,0.000000,0.000000,0.000000,1.000000,0.000000,0.000000,0.000000,0.000000,1.000000;;
 }

 Frame Bip01 {
  

  FrameTransformMatrix {
   0.000001,0.052336,0.998630,0.000000,1.000000,0.000000,-0.000001,0.000000,-0.000000,0.998630,-0.052336,0.000000,-0.000008,49.703609,-7.834504,1.000000;;
  }

  Frame Bip01_Pelvis {
   

   FrameTransformMatrix {
    0.000000,0.000000,1.000000,0.000000,1.000000,0.000001,-0.000000,0.000000,-0.000001,1.000000,0.000000,0.000000,5.469729,0.000000,-0.286656,1.000000;;
   }

   Frame Bip01_L_Thigh {
    

    FrameTransformMatrix {
     -0.889932,0.456092,0.001235,0.000000,0.456067,0.889848,0.013190,0.000000,0.004917,0.012301,-0.999912,0.000000,-0.000012,0.000013,7.963809,1.000000;;
    }

    Frame Bip01_L_Calf {
     

     FrameTransformMatrix {
      -0.459904,-0.887969,0.000000,0.000000,0.887969,-0.459904,0.000000,0.000000,0.000000,0.000000,1.000000,0.000000,29.094814,0.000003,-0.000001,1.000000;;
     }

     Frame Bip01_L_HorseLink {
      

      FrameTransformMatrix {
       -0.396128,0.918195,0.000000,0.000000,-0.918195,-0.396128,0.000000,0.000000,0.000000,0.000000,1.000000,0.000000,17.365820,-0.000001,0.000000,1.000000;;
      }

      Frame Bip01_L_Foot {
       

       FrameTransformMatrix {
        0.997452,-0.071339,-0.000643,0.000000,0.071342,0.997364,0.013233,0.000000,-0.000303,-0.013245,0.999912,0.000000,18.962276,0.000001,0.000000,1.000000;;
       }

       Frame Bip01_L_Toe0 {
        

        FrameTransformMatrix {
         0.130526,0.991445,0.000000,0.000000,-0.991445,0.130526,0.000000,0.000000,0.000000,0.000000,1.000000,0.000000,6.499838,6.976871,0.000000,1.000000;;
        }

        Frame Bip01_L_Toe01 {
         

         FrameTransformMatrix {
          0.430511,-0.902585,0.000000,0.000000,0.902585,0.430511,0.000000,0.000000,0.000000,0.000000,1.000000,0.000000,4.921361,-0.000001,0.000000,1.000000;;
         }
        }
       }

       Frame Dummy_L_heel01 {
        

        FrameTransformMatrix {
         0.374607,0.927184,0.000001,0.000000,-0.927184,0.374607,0.000000,0.000000,-0.000000,-0.000001,1.000000,0.000000,2.881305,-3.635500,0.308159,1.000000;;
        }
       }
      }
     }
    }
   }

   Frame Bip01_R_Thigh {
    

    FrameTransformMatrix {
     -0.889932,0.456092,-0.001238,0.000000,0.456067,0.889848,-0.013191,0.000000,-0.004915,-0.012303,-0.999912,0.000000,0.000010,-0.000009,-7.963809,1.000000;;
    }

    Frame Bip01_R_Calf {
     

     FrameTransformMatrix {
      -0.459904,-0.887969,0.000000,0.000000,0.887969,-0.459904,0.000000,0.000000,0.000000,0.000000,1.000000,0.000000,29.094814,0.000001,0.000000,1.000000;;
     }

     Frame Bip01_R_HorseLink {
      

      FrameTransformMatrix {
       -0.396128,0.918195,0.000000,0.000000,-0.918195,-0.396128,0.000000,0.000000,0.000000,0.000000,1.000000,0.000000,17.365820,-0.000001,0.000001,1.000000;;
      }

      Frame Bip01_R_Foot {
       

       FrameTransformMatrix {
        0.997452,-0.071338,0.000643,0.000000,0.071341,0.997364,-0.013233,0.000000,0.000303,0.013245,0.999912,0.000000,18.962276,0.000001,0.000000,1.000000;;
       }

       Frame Bip01_R_Toe0 {
        

        FrameTransformMatrix {
         0.130526,0.991445,0.000000,0.000000,-0.991445,0.130526,0.000000,0.000000,0.000000,0.000000,1.000000,0.000000,6.499838,6.976870,0.000000,1.000000;;
        }

        Frame Bip01_R_Toe01 {
         

         FrameTransformMatrix {
          0.430511,-0.902585,0.000000,0.000000,0.902585,0.430511,0.000000,0.000000,0.000000,0.000000,1.000000,0.000000,4.921362,0.000000,0.000000,1.000000;;
         }
        }
       }

       Frame Dummy_R_heel01 {
        

        FrameTransformMatrix {
         0.374607,0.927184,0.000001,0.000000,-0.927184,0.374607,0.000000,0.000000,-0.000000,-0.000001,1.000000,0.000000,2.881297,-3.635520,-0.185526,1.000000;;
        }
       }
      }
     }
    }
   }

   Frame Bip01_Spine {
    

    FrameTransformMatrix {
     0.967963,0.251095,0.000001,0.000000,-0.251095,0.967963,-0.000005,0.000000,-0.000002,0.000005,1.000000,0.000000,0.720145,0.815535,-0.000004,1.000000;;
    }

    Frame Bip01_Spine1 {
     

     FrameTransformMatrix {
      0.976288,0.216474,0.000001,0.000000,-0.216474,0.976288,0.000000,0.000000,-0.000001,-0.000000,1.000000,0.000000,5.180992,-0.007280,0.000000,1.000000;;
     }

     Frame Bip01_Spine2 {
      

      FrameTransformMatrix {
       0.939676,0.342066,0.000001,0.000000,-0.342066,0.939676,0.000000,0.000000,-0.000001,-0.000000,1.000000,0.000000,9.365253,-0.005158,0.000000,1.000000;;
      }

      Frame Bip01_Spine3 {
       

       FrameTransformMatrix {
        0.882952,0.469463,0.000002,0.000000,-0.469463,0.882952,0.000000,0.000000,-0.000002,-0.000001,1.000000,0.000000,6.896930,-0.006859,0.000000,1.000000;;
       }

       Frame Bip01_Neck {
        

        FrameTransformMatrix {
         0.891115,0.453778,0.000001,0.000000,-0.453778,0.891115,0.000000,0.000000,-0.000001,-0.000000,1.000000,0.000000,9.752845,-0.004505,0.000000,1.000000;;
        }

        Frame Bip01_Head {
         

         FrameTransformMatrix {
          0.939938,0.341345,0.000001,0.000000,-0.341345,0.939938,0.000000,0.000000,-0.000001,-0.000000,1.000000,0.000000,6.351791,-0.000004,0.000000,1.000000;;
         }

         Frame jaw_bone1 {
          

          FrameTransformMatrix {
           0.874689,-0.484685,-0.000003,0.000000,-0.484685,-0.874689,-0.000003,0.000000,-0.000001,0.000004,-1.000000,0.000000,6.421743,2.426384,-0.000028,1.000000;;
          }

          Frame jaw_bone02 {
           

           FrameTransformMatrix {
            1.000000,0.000000,0.000000,0.000000,0.000000,1.000000,0.000000,0.000000,0.000000,0.000000,1.000000,0.000000,5.724360,-3.958787,0.000000,1.000000;;
           }
          }
         }
        }

        Frame Bip01_L_Clavicle {
         

         FrameTransformMatrix {
          0.053609,0.354144,0.933653,0.000000,-0.427079,-0.837035,0.342018,0.000000,0.902624,-0.417079,0.106375,0.000000,-8.578260,0.739680,9.135348,1.000000;;
         }

         Frame Bip01_L_UpperArm {
          

          FrameTransformMatrix {
           0.427137,-0.903535,-0.034337,0.000000,0.080530,0.075840,-0.993863,0.000000,0.900594,0.421750,0.105155,0.000000,6.606067,0.000002,-0.000001,1.000000;;
          }

          Frame Bip01_L_Forearm {
           

           FrameTransformMatrix {
            -0.617713,-0.786404,0.000000,0.000000,0.786404,-0.617713,0.000000,0.000000,0.000000,0.000000,1.000000,0.000000,20.261753,0.000000,-0.000001,1.000000;;
           }

           Frame Bip01_L_Hand {
            

            FrameTransformMatrix {
             0.147986,0.988983,-0.003467,0.000000,-0.988450,0.147789,-0.033541,0.000000,-0.032659,0.008390,0.999431,0.000000,16.884920,0.000000,-0.000001,1.000000;;
            }

            Frame Bip01_L_Finger0 {
             

             FrameTransformMatrix {
              0.948621,0.316144,0.013063,0.000000,-0.316314,0.946477,0.064232,0.000000,0.007943,-0.065064,0.997850,0.000000,6.892318,0.011854,0.243615,1.000000;;
             }

             Frame Bip01_L_Finger01 {
              

              FrameTransformMatrix {
               0.809017,0.587786,0.000000,0.000000,-0.587786,0.809017,0.000000,0.000000,0.000000,0.000000,1.000000,0.000000,9.510882,-0.000003,-0.000002,1.000000;;
              }

              Frame Bip01_L_Finger02 {
               

               FrameTransformMatrix {
                1.000000,0.000000,0.000000,0.000000,0.000000,1.000000,0.000000,0.000000,0.000000,0.000000,1.000000,0.000000,12.792346,0.000006,0.000001,1.000000;;
               }
              }
             }
            }
           }
          }
         }
        }

        Frame Bip01_R_Clavicle {
         

         FrameTransformMatrix {
          0.053608,0.354149,-0.933651,0.000000,-0.427078,-0.837034,-0.342022,0.000000,-0.902624,0.417077,0.106377,0.000000,-8.578260,0.739741,-9.135345,1.000000;;
         }

         Frame Bip01_R_UpperArm {
          

          FrameTransformMatrix {
           0.427136,-0.903535,0.034336,0.000000,0.080530,0.075839,0.993863,0.000000,-0.900594,-0.421749,0.105155,0.000000,6.606066,0.000002,0.000000,1.000000;;
          }

          Frame Bip01_R_Forearm {
           

           FrameTransformMatrix {
            -0.617713,-0.786404,0.000000,0.000000,0.786404,-0.617713,0.000000,0.000000,0.000000,0.000000,1.000000,0.000000,20.261753,-0.000002,-0.000001,1.000000;;
           }

           Frame Bip01_R_Hand {
            

            FrameTransformMatrix {
             0.147986,0.988983,0.003467,0.000000,-0.988450,0.147789,0.033541,0.000000,0.032659,-0.008390,0.999431,0.000000,16.884918,0.000000,0.000000,1.000000;;
            }

            Frame Bip01_R_Finger0 {
             

             FrameTransformMatrix {
              0.948621,0.316144,-0.013063,0.000000,-0.316314,0.946477,-0.064232,0.000000,-0.007943,0.065064,0.997850,0.000000,6.892319,0.011853,-0.243612,1.000000;;
             }

             Frame Bip01_R_Finger01 {
              

              FrameTransformMatrix {
               0.809017,0.587786,0.000000,0.000000,-0.587786,0.809017,0.000000,0.000000,0.000000,0.000000,1.000000,0.000000,9.510882,-0.000004,0.000002,1.000000;;
              }

              Frame Bip01_R_Finger02 {
               

               FrameTransformMatrix {
                1.000000,0.000000,0.000000,0.000000,0.000000,1.000000,0.000000,0.000000,0.000000,0.000000,1.000000,0.000000,12.792346,0.000003,-0.000001,1.000000;;
               }
              }
             }
            }
           }
          }
         }
        }
       }

       Frame Dummy_shoulder_01 {
        

        FrameTransformMatrix {
         0.668047,0.684454,-0.291953,0.000000,0.660865,-0.726061,-0.189983,0.000000,-0.342010,-0.066023,-0.937374,0.000000,7.756371,-5.001375,-9.058834,1.000000;;
        }

        Frame Dummy_shoulder_02 {
         

         FrameTransformMatrix {
          0.942641,0.108677,-0.315621,0.000000,-0.000000,0.945519,0.325568,0.000000,0.333807,-0.306894,0.891285,0.000000,6.622938,-1.782005,0.772692,1.000000;;
         }

         Frame Dummy_shoulder_03 {
          

          FrameTransformMatrix {
           1.000000,0.000000,0.000000,0.000000,0.000000,1.000000,0.000000,0.000000,0.000000,0.000000,1.000000,0.000000,3.781065,-0.752946,-0.000005,1.000000;;
          }

          Frame Dummy_shoulder_04 {
           

           FrameTransformMatrix {
            1.000000,0.000000,0.000000,0.000000,0.000000,1.000000,0.000000,0.000000,0.000000,0.000000,1.000000,0.000000,3.802706,1.386361,0.116615,1.000000;;
           }
          }

          Frame Dummy_shoulder_10 {
           

           FrameTransformMatrix {
            1.000000,0.000000,0.000000,0.000000,0.000000,0.000000,-1.000000,0.000000,0.000000,1.000000,0.000000,0.000000,3.802702,-0.287875,-1.177963,1.000000;;
           }
          }

          Frame Dummy_shoulder_13 {
           

           FrameTransformMatrix {
            1.000000,0.000000,0.000000,0.000000,0.000000,0.233445,0.972370,0.000000,0.000000,-0.972370,0.233445,0.000000,3.802705,0.253899,1.736106,1.000000;;
           }
          }

          Frame Dummy_shoulder_09 {
           

           FrameTransformMatrix {
            1.000000,0.000000,0.000000,0.000000,0.000000,-1.000000,-0.000001,0.000000,0.000000,0.000001,-1.000000,0.000000,2.816465,-1.327147,0.513048,1.000000;;
           }
          }
         }
        }
       }
      }
     }
    }
   }

   Frame Bip01_Tail {
    

    FrameTransformMatrix {
     -0.472821,-0.775596,-0.418200,0.000000,0.878533,-0.378325,-0.291634,0.000000,0.067975,-0.505293,0.860266,0.000000,4.299259,-4.737348,-0.719709,1.000000;;
    }

    Frame Bip01_Tail1 {
     

     FrameTransformMatrix {
      0.781895,0.033425,-0.622514,0.000000,-0.042316,0.999104,0.000496,0.000000,0.621973,0.025954,0.782609,0.000000,7.024271,-0.006201,-0.000001,1.000000;;
     }

     Frame Bip01_Tail2 {
      

      FrameTransformMatrix {
       0.999097,0.042487,0.000000,0.000000,-0.042487,0.999097,0.000000,0.000000,0.000000,0.000000,1.000000,0.000000,7.796695,-0.001046,0.000000,1.000000;;
      }
     }
    }
   }
  }

  Mesh Bip01 {
   710;
   -6.619925;77.730705;13.755352;,
   0.000090;82.716606;4.487178;,
   0.000093;81.945557;13.072909;,
   6.620076;77.730652;13.755342;,
   4.290077;77.072906;18.597975;,
   7.620061;72.835541;18.947027;,
   4.290082;76.096504;24.102949;,
   6.580065;70.647919;25.502069;,
   3.610085;75.048943;27.380577;,
   3.610080;71.181335;30.976635;,
   2.730084;71.847275;31.528568;,
   0.000086;71.676659;32.703049;,
   0.000090;74.091202;30.862726;,
   -2.729916;71.847298;31.528584;,
   -3.609915;75.048965;27.380596;,
   -3.619920;71.181366;30.976654;,
   -6.579937;70.647964;25.502104;,
   -4.369930;69.185181;29.916258;,
   -3.609949;67.680702;24.646732;,
   -3.609951;65.901505;26.599028;,
   0.000035;64.279663;23.253742;,
   0.000041;63.944759;26.086382;,
   3.610050;65.901482;26.599009;,
   3.610051;64.642250;28.850861;,
   4.130067;67.120979;31.516264;,
   3.080059;64.772491;31.586832;,
   3.240073;66.699669;34.381054;,
   2.610069;65.199631;34.921764;,
   2.800080;67.671257;35.536789;,
   2.170074;65.332527;36.538811;,
   2.230082;67.738235;36.385624;,
   -9.932273;5.255456;12.738638;,
   -11.012279;4.476060;10.022798;,
   -7.422275;5.635769;10.837694;,
   -7.422277;7.396597;8.281978;,
   -3.812278;4.479798;10.032059;,
   -3.502284;6.957408;3.724646;,
   -5.212288;3.867375;3.711220;,
   -7.416768;3.953822;-0.526771;,
   -5.716768;2.463821;0.953228;,
   -5.796770;2.053820;-1.966772;,
   -7.416775;0.343821;-6.016769;,
   -7.416770;2.983821;-2.456771;,
   -9.026771;2.053824;-1.966770;,
   -9.106769;2.463825;0.953230;,
   -9.622289;3.867380;3.711227;,
   -7.422286;2.201508;6.875694;,
   -11.232277;3.436178;11.814724;,
   -9.392265;5.465213;17.523012;,
   -7.472276;3.426659;12.137378;,
   -8.102267;4.380053;16.945404;,
   -10.272271;2.341327;15.888615;,
   -9.652267;0.916835;20.021101;,
   -10.562268;4.379776;16.621574;,
   11.382215;3.436142;11.814694;,
   11.012215;4.479772;10.032042;,
   7.422209;2.201484;6.875673;,
   9.622208;3.867355;3.711201;,
   8.924046;2.463804;0.953229;,
   7.414046;3.953806;-0.526770;,
   9.024045;2.053805;-1.966771;,
   7.414045;2.983807;-2.456771;,
   7.414043;0.343810;-6.016772;,
   5.794044;2.053808;-1.966771;,
   5.904045;2.463806;0.953229;,
   5.212207;3.867359;3.711206;,
   3.502210;6.957396;3.724640;,
   3.812214;4.479778;10.032049;,
   7.422215;7.396572;8.281962;,
   7.422216;5.635742;10.837677;,
   10.032218;5.255421;12.738615;,
   9.462223;5.465174;17.522991;,
   10.692221;4.379735;16.621548;,
   9.742221;0.916793;20.021074;,
   10.392219;2.341289;15.888587;,
   8.132221;4.380017;16.945383;,
   7.472216;3.426630;12.137359;,
   0.210081;81.411720;-0.545663;,
   -3.549923;78.269142;0.216788;,
   -2.439911;82.783150;3.719279;,
   -3.709921;79.207436;0.929602;,
   -10.089926;79.476448;5.196637;,
   -9.049933;77.359413;5.472299;,
   -12.149932;78.366379;7.336712;,
   -11.774659;75.202614;10.933012;,
   -12.680120;76.743752;11.549396;,
   -14.180532;73.710091;19.028872;,
   -13.035689;75.670830;16.840048;,
   -10.196422;73.983124;19.010834;,
   -11.079050;76.210129;17.455936;,
   -7.619941;72.825722;18.945482;,
   -8.523277;74.731781;19.154705;,
   -9.141151;79.183067;13.946576;,
   -7.719914;80.713676;11.022820;,
   -7.422796;10.814886;6.368546;,
   -11.322286;6.957417;3.724659;,
   -10.820969;10.701257;2.086852;,
   -7.422510;7.968384;-3.150445;,
   -8.224437;14.083757;-4.987758;,
   -4.420470;10.701608;2.091981;,
   -3.913845;14.332263;-1.794274;,
   -8.219232;14.552848;2.677783;,
   -12.154579;14.334888;-1.794591;,
   -8.227992;20.473108;-0.989890;,
   -11.294765;20.364405;-4.556427;,
   -10.588492;23.661028;-4.100053;,
   -8.222642;20.989748;-8.325089;,
   -8.183416;24.956314;-7.597028;,
   -4.878034;23.669390;-4.100333;,
   -8.172235;25.695992;-1.384780;,
   8.172186;25.695969;-1.384797;,
   4.877975;23.669376;-4.100342;,
   8.183351;24.956291;-7.597045;,
   8.222566;20.989725;-8.325108;,
   11.728629;23.665617;-4.094295;,
   11.294696;20.364376;-4.556453;,
   8.227933;20.473087;-0.989907;,
   12.154506;14.334858;-1.794619;,
   8.219170;14.552826;2.677765;,
   7.422736;10.814866;6.368531;,
   3.913771;14.332250;-1.794281;,
   4.420399;10.701594;2.091973;,
   8.224355;14.083735;-4.987777;,
   7.422420;7.968364;-3.150462;,
   10.820898;10.701229;2.086827;,
   11.322210;6.957388;3.724633;,
   13.570023;66.162750;10.057364;,
   11.180042;69.474823;13.613215;,
   15.495381;67.360535;14.645854;,
   15.389824;76.070595;11.539862;,
   14.528156;64.518829;15.641837;,
   18.914383;64.677086;11.638330;,
   14.748996;60.787350;17.754015;,
   19.144812;59.525898;12.184577;,
   15.040450;57.099129;17.965130;,
   18.421696;52.508457;12.959823;,
   15.322460;53.964619;17.203150;,
   20.477318;51.451992;14.632229;,
   14.898705;57.295933;13.635219;,
   20.162296;54.936607;16.470709;,
   14.720038;65.218941;21.795143;,
   18.858143;64.155807;23.227041;,
   15.997514;65.064064;28.383924;,
   16.116386;62.124775;25.305204;,
   19.499187;61.326092;26.277477;,
   -19.499081;61.326138;26.277531;,
   -16.116278;62.124813;25.305248;,
   -15.997390;65.064102;28.383968;,
   -18.858038;64.155853;23.227093;,
   -14.719934;65.218979;21.795183;,
   -20.162233;54.936657;16.470764;,
   -14.898644;57.295967;13.635257;,
   -20.477270;51.452042;14.632283;,
   -15.322394;53.964653;17.203188;,
   -18.421648;52.508499;12.959868;,
   -15.040374;57.099163;17.965168;,
   -19.144749;59.525944;12.184626;,
   -14.748912;60.787384;17.754053;,
   -18.914309;64.677132;11.638377;,
   -14.528069;64.518867;15.641873;,
   -15.389719;76.070625;11.539905;,
   -15.495297;67.360558;14.645888;,
   -13.169963;68.913231;15.350989;,
   -13.489980;66.162849;10.057332;,
   -10.072277;1.492704;12.926751;,
   -7.422281;0.279574;11.168230;,
   -6.122277;1.495203;12.936426;,
   -5.222271;2.341321;15.888607;,
   -6.202267;4.376353;16.987665;,
   -4.602266;0.923257;20.028753;,
   -4.912264;5.465208;17.523005;,
   -3.752267;4.377263;16.611881;,
   -3.592276;3.436169;11.814712;,
   -11.231730;67.992844;27.185957;,
   -12.703909;68.520332;26.547724;,
   -12.199370;69.312134;29.331347;,
   -10.320683;69.330070;26.295603;,
   -9.342772;69.471008;28.215841;,
   -9.196969;68.405670;28.574173;,
   -8.492261;68.218117;27.640518;,
   -9.554032;67.920204;25.090973;,
   -9.201353;65.639030;26.427952;,
   -10.023954;65.456871;27.251995;,
   -10.635633;64.912788;26.423307;,
   -12.519061;67.191666;25.085579;,
   -13.885204;66.046097;27.639273;,
   -13.637504;66.727249;28.586100;,
   -14.411819;67.459114;28.224564;,
   3.550078;78.269112;0.216796;,
   0.000077;77.357895;-2.695879;,
   10.990065;75.206825;2.764170;,
   0.000071;75.019180;-4.693730;,
   10.990057;71.146111;-3.695789;,
   0.000047;65.606102;-7.569941;,
   7.950040;64.437134;-5.244419;,
   -0.000013;56.931526;-7.172146;,
   6.619993;56.671936;-5.055676;,
   0.519986;54.357803;-7.557978;,
   6.179990;54.494133;-6.103133;,
   -0.760014;52.419418;-7.476416;,
   -0.000018;48.044796;-9.169790;,
   -6.180011;54.494133;-6.103103;,
   -7.220140;44.844582;-7.897401;,
   10.172215;1.492668;12.926723;,
   7.422212;0.279546;11.168207;,
   6.072214;1.495176;12.936408;,
   5.132218;2.341293;15.888593;,
   6.152221;4.376321;16.987650;,
   4.492221;0.923225;20.028740;,
   4.812222;5.465178;17.522995;,
   3.602220;4.377238;16.611874;,
   3.442215;3.436149;11.814703;,
   15.832797;73.600662;3.357530;,
   16.459700;64.315460;4.810163;,
   16.245539;62.495777;6.709713;,
   16.235170;59.804859;6.584240;,
   15.665343;53.443596;9.299982;,
   17.132708;49.563740;17.172972;,
   16.169361;50.200306;18.944454;,
   -16.169302;50.200344;18.944498;,
   -17.132654;49.563778;17.173018;,
   -15.665302;53.443630;9.300019;,
   -16.235125;59.804893;6.584279;,
   -16.245485;62.495815;6.709751;,
   -16.459648;64.315498;4.810202;,
   -15.832723;73.600708;3.357571;,
   -10.989938;75.206909;2.764144;,
   -2.799921;67.671272;35.536804;,
   -2.959924;68.965538;32.458351;,
   0.000084;70.617630;33.293781;,
   2.810076;68.965515;32.458336;,
   4.370070;69.185150;29.916235;,
   3.610051;67.680679;24.646713;,
   4.170039;67.879837;18.209833;,
   0.000017;63.450386;17.015919;,
   -4.169962;67.879868;18.209848;,
   -7.769977;65.254662;16.063398;,
   -0.000003;59.086548;14.351296;,
   -8.169999;61.541389;12.404331;,
   -0.000020;53.566738;9.057454;,
   -5.510013;54.348907;5.979012;,
   -0.000026;49.947720;7.601555;,
   -5.109984;50.705250;5.290804;,
   0.000022;44.917484;7.586846;,
   -3.153050;43.123833;5.641016;,
   0.000012;41.527874;3.288353;,
   -1.953353;40.008289;1.292831;,
   1.953340;40.008282;1.292830;,
   3.153054;43.123821;5.641012;,
   5.111123;50.714298;5.286755;,
   5.509989;54.348873;5.979033;,
   8.170003;61.541328;12.404349;,
   7.770025;65.254593;16.063385;,
   -5.365916;23.717232;1.518286;,
   -3.737789;24.178190;12.282453;,
   -8.216656;20.228319;8.990030;,
   -8.212362;19.927439;12.929377;,
   -11.978530;24.179014;12.283498;,
   -8.208915;22.350664;16.513079;,
   -11.638484;27.948656;12.204950;,
   -8.213323;27.086866;18.019054;,
   -8.182320;37.147961;14.954168;,
   -6.610009;56.671936;-5.055643;,
   -7.949962;64.437187;-5.244448;,
   -12.909983;63.031796;3.403278;,
   -8.319995;56.131927;0.690498;,
   -8.969995;51.229744;0.777178;,
   -2.350014;55.197136;-7.401684;,
   -0.830013;55.872456;-7.126654;,
   5.365870;23.717215;1.518276;,
   3.737771;24.178175;12.282446;,
   8.216622;20.228296;8.990013;,
   8.212414;19.927181;12.935837;,
   11.988511;24.178926;12.283349;,
   8.208904;22.350641;16.513060;,
   11.658473;27.948515;12.204683;,
   8.213326;27.086843;18.019037;,
   8.182335;37.147938;14.954150;,
   -3.819963;51.053265;-13.489785;,
   -5.386930;50.858799;-12.616172;,
   -4.114327;49.727169;-11.911900;,
   -2.511428;50.032501;-12.774677;,
   -10.710237;46.812061;-15.138607;,
   16.386635;53.140053;35.581402;,
   17.470224;54.955582;37.623825;,
   18.720055;39.975044;36.857155;,
   18.752449;53.120838;34.965969;,
   17.535248;53.039112;34.350628;,
   16.476736;59.334892;28.122065;,
   14.380377;59.306046;29.081148;,
   16.320808;62.130043;31.272001;,
   18.640717;59.853024;28.816925;,
   -18.752331;53.120880;34.966022;,
   -17.470093;54.955624;37.623878;,
   -18.719963;39.975086;36.857212;,
   -16.386515;53.140091;35.581451;,
   -17.535131;53.039150;34.350681;,
   -16.476627;59.334930;28.122110;,
   -18.640606;59.853065;28.816977;,
   -16.320684;62.130085;31.272047;,
   -14.390244;59.306599;29.080807;,
   -3.609949;64.642273;28.850880;,
   -4.129934;67.121010;31.516287;,
   -3.089942;64.849945;31.343943;,
   -3.259928;66.699692;34.381069;,
   -2.589931;65.180260;34.956764;,
   -2.159927;65.285858;36.478653;,
   -2.119919;67.695351;36.236103;,
   -11.096422;23.718744;1.517844;,
   -8.223288;27.296188;3.784095;,
   -8.209567;26.488605;8.005155;,
   -13.072438;33.221088;6.763276;,
   -6.788228;45.804508;7.301968;,
   -12.772928;72.008301;25.493986;,
   -12.979622;69.244080;23.059587;,
   -12.158361;72.098213;22.630562;,
   -10.112012;70.683815;23.180399;,
   -11.807101;70.313393;29.099401;,
   -12.816125;70.542168;28.879326;,
   -13.236533;69.578835;29.092052;,
   5.620086;78.022270;-7.395689;,
   3.940078;76.237160;-6.298122;,
   5.870078;76.720818;-4.856394;,
   9.500071;73.286530;-8.943489;,
   7.640067;72.081093;-9.135603;,
   1.480021;64.169586;34.795204;,
   2.950023;64.838371;32.790844;,
   1.030019;61.899590;33.875206;,
   2.120020;62.048374;31.950848;,
   0.000018;61.609589;33.715206;,
   0.000019;61.678375;31.770847;,
   -1.089982;61.899590;33.875206;,
   -2.119981;62.078377;31.950846;,
   -1.619979;64.229591;34.655201;,
   -2.879978;64.848381;32.800842;,
   11.951158;51.985298;16.684904;,
   13.101426;51.719875;11.485963;,
   14.399403;63.663216;23.520107;,
   14.918160;49.299953;17.662870;,
   -11.951099;51.985321;16.684935;,
   -13.101382;51.719902;11.485993;,
   -14.918107;49.299984;17.662909;,
   -14.399297;63.663250;23.520147;,
   0.000088;78.715530;21.258875;,
   -4.289924;77.072937;18.597990;,
   -4.289918;76.096542;24.102964;,
   -2.711475;33.225624;6.756764;,
   -8.184426;37.899597;-3.510338;,
   -8.225245;30.154242;2.627471;,
   -3.767843;27.950796;12.208104;,
   -4.902272;5.253280;12.770179;,
   -9.826625;65.092476;25.619490;,
   -10.159643;67.778481;22.120741;,
   -8.641962;69.264343;27.297007;,
   -7.474260;68.692696;29.781979;,
   -10.516698;68.396729;21.501480;,
   -13.765339;69.724106;17.902634;,
   -13.076421;69.016853;21.587313;,
   -9.691605;71.761475;22.615780;,
   -9.011659;71.109856;19.739376;,
   -11.052223;69.525894;17.859941;,
   4.802217;5.253256;12.770168;,
   2.711462;33.225609;6.756761;,
   8.184397;37.899570;-3.510356;,
   3.767833;27.950783;12.208097;,
   8.209544;26.488581;8.005136;,
   8.225215;30.154217;2.627454;,
   11.096377;23.718718;1.517819;,
   8.223255;27.296167;3.784078;,
   13.082424;33.221001;6.763125;,
   6.788242;45.804489;7.301955;,
   4.190074;68.611626;32.147907;,
   3.530078;67.790688;34.619762;,
   0.000086;68.892990;36.282375;,
   11.898307;64.115196;11.372508;,
   11.610489;58.911785;11.892426;,
   -11.898233;64.115219;11.372536;,
   -11.610427;58.911812;11.892453;,
   -4.289927;68.611656;32.147930;,
   -11.229997;47.913418;0.169914;,
   -13.054238;40.008297;1.285422;,
   0.000089;77.117752;25.895523;,
   -10.989945;71.146194;-3.695814;,
   -13.339962;69.017853;3.553069;,
   -0.000013;40.911541;-6.943414;,
   -0.000019;43.799660;-9.347861;,
   -7.241086;40.669903;-6.723126;,
   7.241054;40.669884;-6.723141;,
   -14.640246;66.776871;27.298410;,
   -14.055089;64.864273;29.747240;,
   10.880006;47.913418;0.169860;,
   7.220112;44.844559;-7.897416;,
   13.074224;40.008152;1.285152;,
   8.970007;51.229744;0.777134;,
   12.910020;63.031055;3.327358;,
   13.340041;69.017761;3.553100;,
   8.320006;56.131924;0.690458;,
   9.530019;59.951477;-1.080791;,
   10.770023;61.709652;-0.088314;,
   11.730043;64.967789;-6.409273;,
   10.170043;65.484398;-4.842873;,
   8.030065;72.233963;-6.747794;,
   9.570043;64.699867;-6.495964;,
   -2.319925;66.169449;36.225151;,
   -2.149926;65.016777;37.335621;,
   -1.169927;65.669922;35.971218;,
   -1.469928;64.798714;36.883240;,
   -1.719922;66.898888;36.229206;,
   -1.839924;65.190048;37.683151;,
   1.130073;65.669914;35.971210;,
   2.100075;65.016762;37.335613;,
   2.280076;66.169434;36.225140;,
   1.780076;65.190033;37.683144;,
   1.680079;66.898872;36.229195;,
   1.420073;64.798698;36.883232;,
   16.533218;59.451435;26.346586;,
   13.282958;60.533867;26.683998;,
   -16.533115;59.451473;26.346630;,
   -13.282849;60.533894;26.684034;,
   -5.334227;20.362312;-4.556590;,
   5.334159;20.362297;-4.556601;,
   9.080036;64.131271;-3.650759;,
   0.000021;64.389587;34.385204;,
   0.000074;65.311256;36.618484;,
   -7.420382;6.600299;-1.032820;,
   -2.019980;61.898376;29.440845;,
   -7.416770;1.033823;1.523230;,
   -12.860805;69.647301;31.627293;,
   9.050071;77.538635;6.122881;,
   11.440063;75.192932;10.919483;,
   7.414043;1.033805;1.523228;,
   7.420295;6.600279;-1.032837;,
   1.960021;61.888371;29.460848;,
   -3.669923;67.790710;34.619781;,
   -3.229917;65.977676;39.377190;,
   -9.126108;63.448696;28.124121;,
   3.120083;65.977654;39.377171;,
   0.160021;64.359589;34.385204;,
   1.130021;64.699593;35.965202;,
   1.140019;62.429588;34.075207;,
   -0.469979;64.319588;34.475204;,
   -1.339980;64.339592;35.775204;,
   -1.339981;62.649590;34.115204;,
   -1.779932;62.614700;38.142479;,
   1.730068;62.614685;38.142471;,
   15.925802;47.247925;18.655460;,
   16.616062;47.302357;19.571310;,
   17.034744;47.346252;18.364462;,
   -17.034693;47.346291;18.364508;,
   -16.616009;47.302395;19.571354;,
   -15.916493;47.240925;18.663553;,
   17.726828;41.604286;20.191551;,
   -17.726784;41.604324;20.191599;,
   -6.619925;77.730705;13.755352;,
   0.000090;82.716606;4.487178;,
   0.000090;82.716606;4.487178;,
   6.620076;77.730652;13.755342;,
   6.620076;77.730652;13.755342;,
   7.620061;72.835541;18.947027;,
   0.000041;63.944759;26.086382;,
   3.080059;64.772491;31.586832;,
   3.080059;64.772491;31.586832;,
   3.240073;66.699669;34.381054;,
   2.610069;65.199631;34.921764;,
   2.800080;67.671257;35.536789;,
   2.170074;65.332527;36.538811;,
   2.170074;65.332527;36.538811;,
   2.230082;67.738235;36.385624;,
   -7.422277;7.396597;8.281978;,
   -3.502284;6.957408;3.724646;,
   3.502210;6.957396;3.724640;,
   7.422215;7.396572;8.281962;,
   0.210081;81.411720;-0.545663;,
   -3.549923;78.269142;0.216788;,
   -9.049933;77.359413;5.472299;,
   -9.049933;77.359413;5.472299;,
   -11.774659;75.202614;10.933012;,
   -14.180532;73.710091;19.028872;,
   -10.196422;73.983124;19.010834;,
   -7.619941;72.825722;18.945482;,
   -7.619941;72.825722;18.945482;,
   -7.619941;72.825722;18.945482;,
   -11.322286;6.957417;3.724659;,
   -8.227992;20.473108;-0.989890;,
   -10.588492;23.661028;-4.100053;,
   -4.878034;23.669390;-4.100333;,
   -8.172235;25.695992;-1.384780;,
   8.172186;25.695969;-1.384797;,
   4.877975;23.669376;-4.100342;,
   11.728629;23.665617;-4.094295;,
   8.227933;20.473087;-0.989907;,
   11.322210;6.957388;3.724633;,
   13.570023;66.162750;10.057364;,
   11.180042;69.474823;13.613215;,
   15.322460;53.964619;17.203150;,
   16.116386;62.124775;25.305204;,
   19.499187;61.326092;26.277477;,
   -19.499081;61.326138;26.277531;,
   -16.116278;62.124813;25.305248;,
   -15.322394;53.964653;17.203188;,
   -13.169963;68.913231;15.350989;,
   -13.169963;68.913231;15.350989;,
   -13.489980;66.162849;10.057332;,
   -12.703909;68.520332;26.547724;,
   -12.703909;68.520332;26.547724;,
   -10.320683;69.330070;26.295603;,
   -10.320683;69.330070;26.295603;,
   -9.342772;69.471008;28.215841;,
   -9.342772;69.471008;28.215841;,
   -8.492261;68.218117;27.640518;,
   -9.554032;67.920204;25.090973;,
   -9.201353;65.639030;26.427952;,
   -10.635633;64.912788;26.423307;,
   -12.519061;67.191666;25.085579;,
   -12.519061;67.191666;25.085579;,
   -13.885204;66.046097;27.639273;,
   -14.411819;67.459114;28.224564;,
   3.550078;78.269112;0.216796;,
   3.550078;78.269112;0.216796;,
   0.000077;77.357895;-2.695879;,
   0.000077;77.357895;-2.695879;,
   10.990065;75.206825;2.764170;,
   10.990065;75.206825;2.764170;,
   7.950040;64.437134;-5.244419;,
   -0.000013;56.931526;-7.172146;,
   0.519986;54.357803;-7.557978;,
   0.519986;54.357803;-7.557978;,
   6.179990;54.494133;-6.103133;,
   -0.760014;52.419418;-7.476416;,
   -6.180011;54.494133;-6.103103;,
   -7.220140;44.844582;-7.897401;,
   15.832797;73.600662;3.357530;,
   16.459700;64.315460;4.810163;,
   16.245539;62.495777;6.709713;,
   16.235170;59.804859;6.584240;,
   15.665343;53.443596;9.299982;,
   15.665343;53.443596;9.299982;,
   17.132708;49.563740;17.172972;,
   17.132708;49.563740;17.172972;,
   17.132708;49.563740;17.172972;,
   16.169361;50.200306;18.944454;,
   16.169361;50.200306;18.944454;,
   -16.169302;50.200344;18.944498;,
   -16.169302;50.200344;18.944498;,
   -17.132654;49.563778;17.173018;,
   -17.132654;49.563778;17.173018;,
   -17.132654;49.563778;17.173018;,
   -15.665302;53.443630;9.300019;,
   -15.665302;53.443630;9.300019;,
   -16.235125;59.804893;6.584279;,
   -16.245485;62.495815;6.709751;,
   -16.459648;64.315498;4.810202;,
   -15.832723;73.600708;3.357571;,
   -10.989938;75.206909;2.764144;,
   -10.989938;75.206909;2.764144;,
   -2.799921;67.671272;35.536804;,
   4.170039;67.879837;18.209833;,
   0.000017;63.450386;17.015919;,
   -4.169962;67.879868;18.209848;,
   -5.109984;50.705250;5.290804;,
   -5.109984;50.705250;5.290804;,
   -3.153050;43.123833;5.641016;,
   0.000012;41.527874;3.288353;,
   -1.953353;40.008289;1.292831;,
   -1.953353;40.008289;1.292831;,
   1.953340;40.008282;1.292830;,
   1.953340;40.008282;1.292830;,
   3.153054;43.123821;5.641012;,
   5.111123;50.714298;5.286755;,
   5.111123;50.714298;5.286755;,
   -3.737789;24.178190;12.282453;,
   -8.212362;19.927439;12.929377;,
   -8.208915;22.350664;16.513079;,
   -8.213323;27.086866;18.019054;,
   -8.182320;37.147961;14.954168;,
   -12.909983;63.031796;3.403278;,
   -8.319995;56.131927;0.690498;,
   -8.969995;51.229744;0.777178;,
   -8.969995;51.229744;0.777178;,
   -2.350014;55.197136;-7.401684;,
   -0.830013;55.872456;-7.126654;,
   -0.830013;55.872456;-7.126654;,
   3.737771;24.178175;12.282446;,
   8.212414;19.927181;12.935837;,
   8.208904;22.350641;16.513060;,
   8.213326;27.086843;18.019037;,
   8.182335;37.147938;14.954150;,
   16.476736;59.334892;28.122065;,
   14.380377;59.306046;29.081148;,
   16.320808;62.130043;31.272001;,
   18.640717;59.853024;28.816925;,
   18.640717;59.853024;28.816925;,
   -16.476627;59.334930;28.122110;,
   -18.640606;59.853065;28.816977;,
   -18.640606;59.853065;28.816977;,
   -16.320684;62.130085;31.272047;,
   -14.390244;59.306599;29.080807;,
   -3.089942;64.849945;31.343943;,
   -3.089942;64.849945;31.343943;,
   -3.259928;66.699692;34.381069;,
   -2.589931;65.180260;34.956764;,
   -2.159927;65.285858;36.478653;,
   -2.159927;65.285858;36.478653;,
   -2.119919;67.695351;36.236103;,
   -8.209567;26.488605;8.005155;,
   -6.788228;45.804508;7.301968;,
   -12.979622;69.244080;23.059587;,
   -12.158361;72.098213;22.630562;,
   -12.158361;72.098213;22.630562;,
   -12.158361;72.098213;22.630562;,
   -10.112012;70.683815;23.180399;,
   -10.112012;70.683815;23.180399;,
   -11.807101;70.313393;29.099401;,
   -13.236533;69.578835;29.092052;,
   9.500071;73.286530;-8.943489;,
   7.640067;72.081093;-9.135603;,
   1.480021;64.169586;34.795204;,
   1.480021;64.169586;34.795204;,
   1.480021;64.169586;34.795204;,
   2.950023;64.838371;32.790844;,
   1.030019;61.899590;33.875206;,
   2.120020;62.048374;31.950848;,
   0.000018;61.609589;33.715206;,
   0.000019;61.678375;31.770847;,
   -1.089982;61.899590;33.875206;,
   -2.119981;62.078377;31.950846;,
   -1.619979;64.229591;34.655201;,
   -1.619979;64.229591;34.655201;,
   -1.619979;64.229591;34.655201;,
   -2.879978;64.848381;32.800842;,
   14.918160;49.299953;17.662870;,
   14.918160;49.299953;17.662870;,
   14.918160;49.299953;17.662870;,
   -14.918107;49.299984;17.662909;,
   -14.918107;49.299984;17.662909;,
   -14.918107;49.299984;17.662909;,
   -8.184426;37.899597;-3.510338;,
   -8.225245;30.154242;2.627471;,
   -10.159643;67.778481;22.120741;,
   -8.641962;69.264343;27.297007;,
   -7.474260;68.692696;29.781979;,
   -10.516698;68.396729;21.501480;,
   -10.516698;68.396729;21.501480;,
   -10.516698;68.396729;21.501480;,
   -13.765339;69.724106;17.902634;,
   -13.076421;69.016853;21.587313;,
   -9.691605;71.761475;22.615780;,
   -9.691605;71.761475;22.615780;,
   -9.011659;71.109856;19.739376;,
   -9.011659;71.109856;19.739376;,
   -11.052223;69.525894;17.859941;,
   -11.052223;69.525894;17.859941;,
   -11.052223;69.525894;17.859941;,
   -11.052223;69.525894;17.859941;,
   8.184397;37.899570;-3.510356;,
   8.209544;26.488581;8.005136;,
   8.225215;30.154217;2.627454;,
   6.788242;45.804489;7.301955;,
   3.530078;67.790688;34.619762;,
   0.000086;68.892990;36.282375;,
   -13.339962;69.017853;3.553069;,
   -13.339962;69.017853;3.553069;,
   -7.241086;40.669903;-6.723126;,
   -7.241086;40.669903;-6.723126;,
   7.241054;40.669884;-6.723141;,
   7.241054;40.669884;-6.723141;,
   -14.055089;64.864273;29.747240;,
   7.220112;44.844559;-7.897416;,
   8.970007;51.229744;0.777134;,
   8.970007;51.229744;0.777134;,
   12.910020;63.031055;3.327358;,
   13.340041;69.017761;3.553100;,
   13.340041;69.017761;3.553100;,
   8.320006;56.131924;0.690458;,
   9.530019;59.951477;-1.080791;,
   10.770023;61.709652;-0.088314;,
   10.770023;61.709652;-0.088314;,
   10.170043;65.484398;-4.842873;,
   9.080036;64.131271;-3.650759;,
   9.080036;64.131271;-3.650759;,
   0.000021;64.389587;34.385204;,
   0.000074;65.311256;36.618484;,
   -7.420382;6.600299;-1.032820;,
   -2.019980;61.898376;29.440845;,
   -12.860805;69.647301;31.627293;,
   9.050071;77.538635;6.122881;,
   11.440063;75.192932;10.919483;,
   11.440063;75.192932;10.919483;,
   7.420295;6.600279;-1.032837;,
   1.960021;61.888371;29.460848;,
   -3.669923;67.790710;34.619781;,
   -9.126108;63.448696;28.124121;,
   15.925802;47.247925;18.655460;,
   15.925802;47.247925;18.655460;,
   15.925802;47.247925;18.655460;,
   15.925802;47.247925;18.655460;,
   16.616062;47.302357;19.571310;,
   17.034744;47.346252;18.364462;,
   17.034744;47.346252;18.364462;,
   17.034744;47.346252;18.364462;,
   -17.034693;47.346291;18.364508;,
   -17.034693;47.346291;18.364508;,
   -17.034693;47.346291;18.364508;,
   -16.616009;47.302395;19.571354;,
   -15.916493;47.240925;18.663553;,
   -15.916493;47.240925;18.663553;,
   -15.916493;47.240925;18.663553;,
   -15.916493;47.240925;18.663553;,
   17.726828;41.604286;20.191551;,
   -17.726784;41.604324;20.191599;;
   890;
   3;453,2,455;,
   3;455,2,457;,
   3;2,4,457;,
   3;457,4,5;,
   3;4,6,5;,
   3;5,6,7;,
   3;6,8,7;,
   3;7,8,9;,
   3;8,10,9;,
   3;9,10,11;,
   3;10,12,11;,
   3;11,12,13;,
   3;12,14,13;,
   3;13,14,15;,
   3;14,16,15;,
   3;15,16,17;,
   3;16,18,17;,
   3;17,18,19;,
   3;18,20,19;,
   3;19,20,21;,
   3;20,22,21;,
   3;21,22,23;,
   3;22,24,23;,
   3;23,24,460;,
   3;24,462,460;,
   3;460,462,463;,
   3;462,464,463;,
   3;463,464,466;,
   3;464,467,466;,
   3;31,33,32;,
   3;32,33,34;,
   3;33,35,34;,
   3;34,35,469;,
   3;35,37,469;,
   3;469,37,38;,
   3;37,39,38;,
   3;38,39,40;,
   3;39,41,40;,
   3;40,41,42;,
   3;41,43,42;,
   3;42,43,38;,
   3;43,44,38;,
   3;38,44,45;,
   3;44,46,45;,
   3;45,46,32;,
   3;46,47,32;,
   3;32,47,31;,
   3;47,48,31;,
   3;31,48,49;,
   3;48,50,49;,
   3;49,50,51;,
   3;50,52,51;,
   3;51,52,53;,
   3;52,48,53;,
   3;53,48,47;,
   3;54,56,55;,
   3;55,56,57;,
   3;56,58,57;,
   3;57,58,59;,
   3;58,60,59;,
   3;59,60,61;,
   3;60,62,61;,
   3;61,62,63;,
   3;62,64,63;,
   3;63,64,59;,
   3;64,65,59;,
   3;59,65,66;,
   3;65,67,66;,
   3;66,67,68;,
   3;67,69,68;,
   3;68,69,55;,
   3;69,70,55;,
   3;55,70,54;,
   3;70,71,54;,
   3;54,71,72;,
   3;71,73,72;,
   3;72,73,74;,
   3;73,75,74;,
   3;74,75,76;,
   3;75,71,76;,
   3;76,71,70;,
   3;77,78,1;,
   3;1,78,79;,
   3;78,80,79;,
   3;79,80,81;,
   3;80,82,81;,
   3;81,82,83;,
   3;82,476,83;,
   3;83,476,85;,
   3;476,86,85;,
   3;85,86,87;,
   3;86,88,87;,
   3;87,88,89;,
   3;88,90,89;,
   3;89,90,91;,
   3;90,0,91;,
   3;91,0,92;,
   3;0,93,92;,
   3;92,93,81;,
   3;93,79,81;,
   3;36,94,468;,
   3;468,94,482;,
   3;94,96,482;,
   3;482,96,97;,
   3;96,98,97;,
   3;97,98,99;,
   3;98,100,99;,
   3;99,100,94;,
   3;100,101,94;,
   3;94,101,102;,
   3;101,103,102;,
   3;102,103,104;,
   3;103,105,104;,
   3;104,105,106;,
   3;105,107,106;,
   3;106,107,108;,
   3;107,109,108;,
   3;110,112,488;,
   3;488,112,113;,
   3;112,114,113;,
   3;113,114,115;,
   3;114,116,115;,
   3;115,116,117;,
   3;116,118,117;,
   3;117,118,119;,
   3;118,120,119;,
   3;119,120,121;,
   3;120,122,121;,
   3;121,122,123;,
