xof 0303txt 0032
template XSkinMeshHeader {
 <3cf169ce-ff7c-44ab-93c0-f78f62d172e2>
 WORD nMaxSkinWeightsPerVertex;
 WORD nMaxSkinWeightsPerFace;
 WORD nBones;
}

template VertexDuplicationIndices {
 <b8d65549-d7c9-4995-89cf-53a9a8b031e3>
 DWORD nIndices;
 DWORD nOriginalVertices;
 array DWORD indices[nIndices];
}

template SkinWeights {
 <6f0d123b-bad2-4167-a0d0-80224f25fabb>
 STRING transformNodeName;
 DWORD nWeights;
 array DWORD vertexIndices[nWeights];
 array FLOAT weights[nWeights];
 Matrix4x4 matrixOffset;
}

template AnimTicksPerSecond {
 <9e415a43-7ba6-4a73-8743-b73d47e88476>
 DWORD AnimTicksPerSecond;
}


AnimTicksPerSecond {
 24;
}

Material knifeskin {
 0.752941;0.752941;0.752941;1.000000;;
 40.000000;
 0.000000;0.000000;0.000000;;
 0.000000;0.000000;0.000000;;

 TextureFilename {
  "F:/Users/Axel/Desktop/Bra modeller/weapons/knife4/knifeskin.bmp";
 }
}

Material view_glove {
 0.752941;0.752941;0.752941;1.000000;;
 40.000000;
 0.000000;0.000000;0.000000;;
 0.000000;0.000000;0.000000;;

 TextureFilename {
  "F:/Users/Axel/Desktop/Bra modeller/weapons/knife4/view_glove.bmp";
 }
}

Material view_finger {
 0.752941;0.752941;0.752941;1.000000;;
 40.000000;
 0.000000;0.000000;0.000000;;
 0.000000;0.000000;0.000000;;

 TextureFilename {
  "F:/Users/Axel/Desktop/Bra modeller/weapons/knife4/view_finger.bmp";
 }
}

Material view_skin {
 0.752941;0.752941;0.752941;1.000000;;
 40.000000;
 0.000000;0.000000;0.000000;;
 0.000000;0.000000;0.000000;;

 TextureFilename {
  "F:/Users/Axel/Desktop/Bra modeller/weapons/knife4/view_skin.BMP";
 }
}

Frame Scene_Root {
 

 FrameTransformMatrix {
  1.000000,0.000000,0.000000,0.000000,0.000000,1.000000,0.000000,0.000000,0.000000,0.000000,1.000000,0.000000,0.000000,0.000000,0.000000,1.000000;;
 }

 Frame Bone02 {
  

  FrameTransformMatrix {
   1.000000,0.000000,0.000000,0.000000,0.000000,0.000000,-1.000000,0.000000,0.000000,1.000000,0.000000,0.000000,-0.056707,0.000000,-3.094907,1.000000;;
  }

  Frame Bone03 {
   

   FrameTransformMatrix {
    1.000000,0.000000,0.000000,0.000000,0.000000,1.000000,0.000000,0.000000,0.000000,0.000000,1.000000,0.000000,0.000000,-3.159502,0.000000,1.000000;;
   }

   Frame Bone01 {
    

    FrameTransformMatrix {
     -0.001701,-0.999973,0.007111,0.000000,-0.999998,0.001692,-0.001364,0.000000,0.001352,-0.007113,-0.999974,0.000000,1.261858,-2.344328,1.302325,1.000000;;
    }

    Frame Bone_Lefthand {
     

     FrameTransformMatrix {
      0.999496,-0.001744,-0.031687,0.000000,0.001399,0.999940,-0.010909,0.000000,0.031704,0.010859,0.999438,0.000000,0.000001,-8.563282,0.000000,1.000000;;
     }

     Frame Bone_04 {
      

      FrameTransformMatrix {
       1.000000,0.000000,0.000000,0.000000,0.000000,1.000000,0.000000,0.000000,0.000000,0.000000,1.000000,0.000000,-0.003480,-0.404829,0.000000,1.000000;;
      }

      Frame Bone09 {
       

       FrameTransformMatrix {
        0.949300,-0.313293,-0.026009,0.000000,0.314366,0.945612,0.083619,0.000000,-0.001603,-0.087556,0.996158,0.000000,-1.125128,-2.205905,-0.233482,1.000000;;
       }

       Frame Bone10 {
        

        FrameTransformMatrix {
         0.999451,-0.033134,0.000879,0.000000,0.033101,0.996361,-0.078546,0.000000,0.001727,0.078532,0.996910,0.000000,0.010772,-0.963792,0.000000,1.000000;;
        }

        Frame Bone11 {
         

         FrameTransformMatrix {
          0.999940,0.008744,-0.006608,0.000000,-0.008425,0.998868,0.046823,0.000000,0.007010,-0.046764,0.998881,0.000000,-0.009119,-0.631531,-0.021164,1.000000;;
         }
        }
       }
      }

      Frame Bone13 {
       

       FrameTransformMatrix {
        0.980848,-0.194474,-0.010846,0.000000,0.194738,0.980235,0.034878,0.000000,0.003849,-0.036322,0.999333,0.000000,-0.518928,-2.502575,-0.288782,1.000000;;
       }

       Frame Bone14 {
        

        FrameTransformMatrix {
         0.999994,0.003360,-0.000264,0.000000,-0.003363,0.999939,-0.010544,0.000000,0.000229,0.010545,0.999944,0.000000,-0.010598,-1.208184,0.000000,1.000000;;
        }

        Frame Bone15 {
         

         FrameTransformMatrix {
          0.999919,0.012599,0.001513,0.000000,-0.012541,0.999362,-0.033434,0.000000,-0.001933,0.033412,0.999440,0.000000,-0.000932,-0.762915,0.019715,1.000000;;
         }
        }
       }
      }

      Frame Bone17 {
       

       FrameTransformMatrix {
        0.997764,-0.040835,0.052911,0.000000,0.042017,0.998887,-0.021417,0.000000,-0.051978,0.023593,0.998370,0.000000,0.107096,-2.602363,-0.307633,1.000000;;
       }

       Frame Bone18 {
        

        FrameTransformMatrix {
         0.999993,-0.003649,0.000034,0.000000,0.003636,0.997060,0.076542,0.000000,-0.000313,-0.076541,0.997066,0.000000,0.000000,-1.250577,0.000000,1.000000;;
        }

        Frame Bone19 {
         

         FrameTransformMatrix {
          0.999960,-0.003604,0.008151,0.000000,0.003789,0.999732,-0.022833,0.000000,-0.008066,0.022863,0.999706,0.000000,0.000891,-0.929964,0.060522,1.000000;;
         }
        }
       }
      }

      Frame Bone21 {
       

       FrameTransformMatrix {
        0.991829,0.126580,0.015892,0.000000,-0.126335,0.991865,-0.015583,0.000000,-0.017736,0.013448,0.999752,0.000000,0.763338,-2.483095,-0.285933,1.000000;;
       }

       Frame Bone22 {
        

        FrameTransformMatrix {
         0.999803,0.002366,0.019696,0.000000,-0.003443,0.998489,0.054851,0.000000,-0.019536,-0.054908,0.998300,0.000000,-0.012321,-1.280916,0.000000,1.000000;;
        }

        Frame Bone23 {
         

         FrameTransformMatrix {
          0.999751,-0.001050,0.022281,0.000000,0.002238,0.998573,-0.053362,0.000000,-0.022193,0.053399,0.998327,0.000000,-0.001862,-0.747993,0.039557,1.000000;;
         }
        }
       }
      }

      Frame Bone05 {
       

       FrameTransformMatrix {
        0.718539,-0.684556,0.122822,0.000000,0.675024,0.728959,0.113845,0.000000,-0.167466,0.001106,0.985877,0.000000,0.354567,0.016268,0.318133,1.000000;;
       }

       Frame Bone06 {
        

        FrameTransformMatrix {
         0.982459,-0.111084,-0.149781,0.000000,0.068849,0.962539,-0.262258,0.000000,0.173303,0.247345,0.953303,0.000000,1.887165,0.012878,0.000000,1.000000;;
        }

        Frame Bone07 {
         

         FrameTransformMatrix {
          0.991216,-0.132256,0.000000,0.000000,0.132256,0.991216,0.000000,0.000000,0.000000,0.000000,1.000000,0.000000,1.001873,-0.000270,0.000000,1.000000;;
         }
        }
       }
      }
     }
    }
   }

   Frame Bone04 {
    

    FrameTransformMatrix {
     0.008377,0.999937,-0.007473,0.000000,0.999957,-0.008406,-0.003892,0.000000,-0.003955,-0.007440,-0.999965,0.000000,-2.317084,-2.666587,-1.415279,1.000000;;
    }

    Frame Bone_Righthand {
     

     FrameTransformMatrix {
      0.999635,-0.016099,0.021702,0.000000,0.016493,0.999700,-0.018100,0.000000,-0.021404,0.018451,0.999601,0.000000,0.089928,-8.543163,0.000000,1.000000;;
     }

     Frame Bone26 {
      

      FrameTransformMatrix {
       1.000000,0.000000,0.000000,0.000000,0.000000,1.000000,0.000000,0.000000,0.000000,0.000000,1.000000,0.000000,0.000000,-0.359713,0.000000,1.000000;;
      }

      Frame Bone27 {
       

       FrameTransformMatrix {
        -0.765662,-0.641830,0.042603,0.000000,0.642333,-0.766422,-0.002416,0.000000,0.034202,0.025516,0.999089,0.000000,-0.308254,-0.007814,0.307166,1.000000;;
       }

       Frame Bone28 {
        

        FrameTransformMatrix {
         0.980295,0.194152,0.036436,0.000000,-0.189841,0.976914,-0.097973,0.000000,-0.054616,0.089126,0.994522,0.000000,1.978378,0.019542,0.000000,1.000000;;
        }

        Frame Bone29 {
         

         FrameTransformMatrix {
          0.971207,0.227795,-0.069756,0.000000,-0.228351,0.973579,0.000000,0.000000,0.067913,0.015929,0.997564,0.000000,0.982424,0.003186,0.000000,1.000000;;
         }
        }
       }
      }

      Frame Bone31 {
       

       FrameTransformMatrix {
        0.990860,-0.097479,-0.093247,0.000000,0.100201,0.994654,0.024953,0.000000,0.090316,-0.034069,0.995330,0.000000,-0.827638,-2.506106,-0.277786,1.000000;;
       }

       Frame Bone32 {
        

        FrameTransformMatrix {
         1.000000,0.000000,0.000000,0.000000,0.000000,1.000000,0.000000,0.000000,0.000000,0.000000,1.000000,0.000000,0.000000,-1.292970,0.000000,1.000000;;
        }

        Frame Bone33 {
         

         FrameTransformMatrix {
          1.000000,0.000000,0.000000,0.000000,0.000000,0.999450,-0.033155,0.000000,0.000000,0.033155,0.999450,0.000000,0.000000,-0.752466,0.000000,1.000000;;
         }
        }
       }
      }

      Frame Bone35 {
       

       FrameTransformMatrix {
        0.996258,0.057802,-0.064254,0.000000,-0.056493,0.998161,0.021999,0.000000,0.065407,-0.018286,0.997691,0.000000,-0.170959,-2.634464,-0.292891,1.000000;;
       }

       Frame Bone36 {
        

        FrameTransformMatrix {
         1.000000,0.000000,0.000000,0.000000,0.000000,1.000000,0.000000,0.000000,0.000000,0.000000,1.000000,0.000000,0.010598,-1.261177,0.000000,1.000000;;
        }

        Frame Bone37 {
         

         FrameTransformMatrix {
          1.000000,0.000000,0.000000,0.000000,0.000000,0.999657,-0.026177,0.000000,0.000000,0.026177,0.999657,0.000000,0.000000,-0.943234,0.000000,1.000000;;
         }
        }
       }
      }

      Frame Bone39 {
       

       FrameTransformMatrix {
        0.975889,0.212089,-0.051557,0.000000,-0.211112,0.977173,0.023774,0.000000,0.055422,-0.012317,0.998387,0.000000,0.443960,-2.562443,-0.286847,1.000000;;
       }

       Frame Bone40 {
        

        FrameTransformMatrix {
         1.000000,0.000000,0.000000,0.000000,0.000000,0.999877,0.015707,0.000000,0.000000,-0.015707,0.999877,0.000000,0.021023,-1.208188,0.000000,1.000000;;
        }

        Frame Bone41 {
         

         FrameTransformMatrix {
          1.000000,0.000000,0.000000,0.000000,0.000000,0.999962,-0.008726,0.000000,0.000000,0.008726,0.999962,0.000000,0.010598,-0.741867,0.000000,1.000000;;
         }
        }
       }
      }

      Frame Bone43 {
       

       FrameTransformMatrix {
        0.939403,0.338940,-0.051390,0.000000,-0.333306,0.938089,0.094319,0.000000,0.080177,-0.071475,0.994215,0.000000,1.048252,-2.226886,-0.253097,1.000000;;
       }

       Frame Bone44 {
        

        FrameTransformMatrix {
         1.000000,0.000000,0.000000,0.000000,0.000000,0.999781,-0.020942,0.000000,0.000000,0.020942,0.999781,0.000000,0.000000,-0.996223,0.000000,1.000000;;
        }

        Frame Bone45 {
         

         FrameTransformMatrix {
          1.000000,0.000000,0.000000,0.000000,0.000000,0.998971,-0.045363,0.000000,0.000000,0.045363,0.998971,0.000000,0.000000,-0.614691,0.000000,1.000000;;
         }
        }
       }
      }

      Frame Bone25 {
       

       FrameTransformMatrix {
        0.114692,0.171421,0.978499,0.000000,-0.012939,0.985173,-0.171074,0.000000,-0.993317,0.006960,0.115210,0.000000,-13.653684,11.081972,6.252576,1.000000;;
       }
      }
     }
    }
   }
  }

  Mesh Bone02 {
   1076;
   -0.144284;-7.230865;14.683480;,
   -0.242075;-6.712042;14.729950;,
   -0.191618;-7.249602;14.793063;,
   -0.289410;-6.730779;14.839533;,
   -0.298896;-7.274285;14.842885;,
   -0.396688;-6.755462;14.889354;,
   -0.417638;-7.292206;14.793093;,
   -0.515429;-6.773383;14.839562;,
   -0.458746;-7.290141;14.683521;,
   -0.556537;-6.771317;14.729991;,
   -0.421402;-7.272395;14.563978;,
   -0.519194;-6.753572;14.610448;,
   -0.304133;-7.246721;14.524117;,
   -0.401925;-6.727898;14.570586;,
   -0.195382;-7.229790;14.563949;,
   -0.293174;-6.710967;14.610418;,
   -0.623206;-6.849017;15.457190;,
   -0.380507;-7.001340;17.668613;,
   -0.282716;-7.520164;17.622145;,
   -0.257170;-7.547468;17.980755;,
   -0.048072;-7.577303;17.613348;,
   0.621519;-7.404142;18.229679;,
   0.413794;-7.490242;17.613289;,
   0.611536;-7.351598;17.622028;,
   0.377462;-7.299017;15.401837;,
   0.575203;-7.160374;15.410577;,
   0.569802;-7.131949;15.081848;,
   0.589746;-7.234030;20.483532;,
   0.591382;-7.242643;20.583147;,
   0.539629;-7.238123;20.423769;,
   0.543230;-7.257073;20.642921;,
   0.234830;-7.294685;20.413847;,
   0.546667;-7.275162;20.852114;,
   0.290013;-7.370829;21.380106;,
   0.550267;-7.294112;21.071266;,
   0.553868;-7.313062;21.290419;,
   0.600220;-7.289157;21.121067;,
   0.602020;-7.298632;21.230642;,
   0.626648;-7.429812;20.465996;,
   0.576532;-7.433906;20.406233;,
   0.580132;-7.452856;20.625385;,
   0.271733;-7.490468;20.396311;,
   0.583569;-7.470944;20.834578;,
   0.326916;-7.566611;21.362570;,
   0.587170;-7.489895;21.053730;,
   0.590770;-7.508845;21.272882;,
   0.637123;-7.484940;21.103531;,
   0.638923;-7.494415;21.213108;,
   0.240922;-6.574623;15.466720;,
   0.277255;-6.765847;17.678169;,
   -0.184611;-6.852908;17.678230;,
   -0.437136;-6.702436;15.466807;,
   -0.100734;-6.705920;14.959046;,
   0.173766;-6.650609;14.919165;,
   0.313470;-6.635873;15.048646;,
   0.472011;-6.613126;15.128317;,
   0.477411;-6.641551;15.457047;,
   -0.169666;-7.204422;14.334831;,
   -0.118403;-7.206357;14.464324;,
   0.011638;-7.194336;14.603768;,
   0.141516;-7.181453;14.733251;,
   0.080427;-7.181369;14.603759;,
   0.140206;-7.174562;14.653559;,
   -0.485752;-7.575259;19.748911;,
   -0.522655;-7.379477;19.766447;,
   -0.523640;-7.536177;19.803106;,
   -0.542092;-7.438286;19.811874;,
   -0.698279;-7.581265;20.053043;,
   -0.713040;-7.502952;20.060059;,
   -1.043784;-7.637717;20.184341;,
   -1.051165;-7.598561;20.187849;,
   -1.134072;-7.644599;20.185230;,
   -0.918869;-7.652214;20.723124;,
   -0.826135;-7.604322;20.725740;,
   -0.809961;-7.689679;21.370607;,
   -0.727054;-7.643640;21.373226;,
   -0.768042;-7.749586;22.127676;,
   -0.685135;-7.703547;22.130295;,
   -0.702341;-7.773707;22.877411;,
   -0.677755;-7.742703;22.126789;,
   -0.694961;-7.812863;22.873903;,
   0.322148;-7.702235;22.866760;,
   -0.773755;-7.933890;24.059334;,
   0.168897;-7.913382;25.129795;,
   -0.795387;-8.034328;25.135180;,
   0.181245;-7.978218;26.107775;,
   -0.681079;-8.100218;26.111393;,
   -0.453103;-8.121484;26.828592;,
   0.705201;-7.469560;19.136166;,
   0.633794;-7.468744;18.976789;,
   0.641158;-7.507506;19.425056;,
   -0.470751;-7.655537;18.737858;,
   -0.751314;-7.732512;19.006855;,
   -0.735588;-7.708135;18.767776;,
   -0.988960;-7.767494;18.897308;,
   -0.982570;-7.747553;18.688116;,
   -1.058567;-7.776154;18.847511;,
   0.536002;-6.949921;19.023260;,
   0.607409;-6.950737;19.182634;,
   0.756613;-6.932426;19.292192;,
   0.854405;-7.451249;19.245722;,
   1.062885;-6.883616;19.391768;,
   1.160677;-7.402440;19.345297;,
   1.170831;-7.402310;19.365219;,
   -0.287149;-7.603976;18.548565;,
   -0.384941;-7.085153;18.595034;,
   -0.568543;-7.136714;18.784327;,
   -0.833379;-7.189312;18.814245;,
   -1.080362;-7.228730;18.734587;,
   -1.156359;-7.257331;18.893980;,
   1.073040;-6.883487;19.411688;,
   0.908436;-6.927897;19.561132;,
   1.006228;-7.446721;19.514664;,
   0.869129;-6.935307;19.561138;,
   0.966920;-7.454130;19.514669;,
   0.543367;-6.988683;19.471527;,
   -1.086752;-7.248671;18.943779;,
   -0.849105;-7.213689;19.053324;,
   0.523727;-6.885319;18.276148;,
   0.513744;-6.832775;17.668497;,
   0.392086;-6.621054;15.048635;,
   -0.657105;-6.831316;15.188233;,
   0.043724;-6.662630;14.779720;,
   -0.086154;-6.675513;14.650237;,
   -0.017529;-6.661685;14.640267;,
   0.409953;-7.147805;14.922484;,
   0.350173;-7.154613;14.872685;,
   0.411262;-7.154696;15.002176;,
   0.271557;-7.169432;14.872695;,
   -0.002942;-7.224743;14.912577;,
   -0.300597;-7.426831;15.401926;,
   -0.559314;-7.350140;15.141764;,
   -0.525414;-7.367839;15.410721;,
   0.154913;-7.249079;19.736475;,
   -0.250133;-7.584507;18.409100;,
   0.628556;-7.441181;18.658022;,
   -0.200724;-7.522725;18.393553;,
   0.569214;-7.396328;18.602644;,
   -0.201378;-7.519279;18.353706;,
   0.568560;-7.392883;18.562798;,
   -0.252096;-7.574171;18.289560;,
   0.626593;-7.430844;18.538485;,
   0.530765;-6.922358;18.704493;,
   -0.347924;-7.065684;18.455568;,
   0.488029;-6.965608;18.641222;,
   -0.281909;-7.092003;18.432131;,
   0.487374;-6.962162;18.601376;,
   -0.282564;-7.088558;18.392284;,
   0.528801;-6.912021;18.584953;,
   -0.349888;-7.055347;18.336031;,
   -0.716714;-6.785451;14.550704;,
   -0.267457;-6.685599;14.381300;,
   -0.691342;-7.348818;19.069164;,
   -0.529692;-7.342438;19.338102;,
   -0.492790;-7.538220;19.320568;,
   -0.506601;-7.356822;19.547293;,
   -0.469699;-7.552604;19.529757;,
   0.572725;-7.144447;19.447536;,
   0.584345;-7.205605;20.154802;,
   0.536192;-7.220035;20.214579;,
   0.191815;-7.444861;19.718939;,
   0.573095;-7.415817;20.197042;,
   0.621248;-7.401387;20.137266;,
   0.609628;-7.340230;19.430000;,
   -0.818754;-7.643479;20.722233;,
   -0.719674;-7.682796;21.369719;,
   0.640723;-7.503890;21.322683;,
   0.430244;-7.681859;22.866745;,
   0.306474;-7.887449;25.129776;,
   -0.873869;-7.942625;24.060225;,
   -0.895501;-8.043062;25.136068;,
   -0.771366;-8.107100;26.112282;,
   -0.542736;-8.131812;26.869328;,
   0.620004;-7.554857;22.874609;,
   0.470443;-7.785583;25.135891;,
   0.329251;-7.899635;26.112139;,
   -0.098686;-8.111779;27.466082;,
   -0.688459;-8.061061;26.114901;,
   -0.802767;-7.995171;25.138687;,
   0.141220;-7.766546;25.142946;,
   -0.781135;-7.894733;24.062841;,
   0.285245;-7.506453;22.884295;,
   -0.470310;-8.084180;26.832100;,
   -0.106066;-8.072622;27.469589;,
   -0.354962;-7.028645;18.027224;,
   -0.618923;-7.304274;14.504235;,
   -0.216195;-6.687535;14.510793;,
   -0.137580;-6.672716;14.510783;,
   -0.217504;-6.680644;14.431102;,
   0.624848;-7.420337;20.356421;,
   0.587946;-7.224555;20.373955;,
   -0.785248;-7.819746;22.874792;,
   0.393342;-7.486076;22.884281;,
   0.603821;-7.308107;21.340219;,
   0.278797;-7.740613;25.142929;,
   0.160949;-7.870538;26.117420;,
   -0.119713;-7.199467;14.384632;,
   -0.039788;-7.191539;14.464314;,
   -0.087627;-6.667761;14.560584;,
   0.010329;-7.187445;14.524076;,
   0.042415;-6.655739;14.700028;,
   0.122340;-6.647811;14.779710;,
   0.220131;-7.166634;14.733241;,
   0.623048;-7.410862;20.246843;,
   0.586145;-7.215080;20.264380;,
   0.635322;-7.475465;20.993956;,
   0.598584;-7.280544;21.021452;,
   0.633686;-7.466851;20.894341;,
   0.596783;-7.271069;20.911875;,
   0.594983;-7.261593;20.802299;,
   0.631885;-7.457376;20.784763;,
   0.628285;-7.438426;20.565611;,
   0.630085;-7.447901;20.675186;,
   0.593183;-7.252119;20.692722;,
   -0.071050;-8.096433;27.466955;,
   -0.137547;-8.121458;27.606426;,
   0.312161;-6.628982;14.968954;,
   0.489877;-7.139877;15.002167;,
   0.270248;-7.162540;14.793003;,
   0.172456;-6.643717;14.839473;,
   0.252381;-6.635789;14.919154;,
   -0.654440;-7.544601;19.051628;,
   12.218972;1.682534;0.906297;,
   10.088395;1.254694;0.974621;,
   11.988500;1.251480;0.844646;,
   10.093996;0.800009;1.122371;,
   12.414780;1.044911;0.892320;,
   10.091606;0.566503;1.551754;,
   10.791862;0.624706;2.450171;,
   10.160457;0.476191;2.335848;,
   10.448723;0.319556;3.012433;,
   9.756246;0.563580;2.368723;,
   10.031420;0.630890;3.710881;,
   9.754416;0.740260;3.307489;,
   9.763241;1.222465;3.614083;,
   -10.934207;-1.472729;3.899975;,
   -10.933425;-1.955103;3.583566;,
   -11.214483;-2.056367;3.982028;,
   -10.916183;-2.122161;2.644900;,
   -11.616044;-2.362813;3.273763;,
   -11.323606;-2.218174;2.596961;,
   -11.954955;-2.063930;2.707453;,
   -11.251205;-2.129519;1.823464;,
   -13.552706;-1.624988;1.127256;,
   -11.238068;-1.891594;1.396242;,
   -13.107400;-1.427077;1.087179;,
   -11.225893;-1.425634;1.242513;,
   -13.341234;-0.986317;1.146708;,
   10.006872;1.208093;3.878614;,
   11.105333;1.016324;4.489155;,
   11.113176;0.592375;4.491446;,
   11.246974;0.339730;3.942294;,
   11.832564;0.611672;3.897217;,
   12.074960;0.989931;3.666917;,
   11.824931;1.055453;3.897508;,
   12.131843;1.710818;3.688967;,
   -13.300555;-0.967273;3.926593;,
   -13.007004;-1.621066;4.136874;,
   -13.250565;-1.687497;3.907158;,
   -13.017733;-2.061843;4.137206;,
   -12.424646;-2.338949;4.200139;,
   -12.303370;-2.086937;4.750031;,
   -12.291850;-1.666143;4.749591;,
   -11.191242;-1.481003;4.145173;,
   -12.593955;-1.426249;4.445317;,
   -11.193492;-0.884281;3.677608;,
   -13.825602;-0.898907;3.438481;,
   -11.174481;-0.714236;2.632035;,
   -13.861338;-0.889139;2.758167;,
   -13.686034;-0.893493;2.176661;,
   -14.096021;-1.004441;2.431260;,
   10.024807;1.979917;2.367534;,
   12.712962;1.780565;2.535392;,
   12.662679;1.777448;3.216025;,
   10.022704;1.800052;3.405293;,
   9.754471;1.863617;2.369476;,
   10.023467;1.799294;1.323756;,
   12.223366;1.779824;1.364540;,
   12.543160;1.779284;1.944997;,
   -11.160602;-0.884155;1.596402;,
   -13.350674;-0.895301;1.603834;,
   -10.893102;-1.471564;1.390153;,
   -10.893924;-0.999190;1.706636;,
   -10.901165;-0.832171;2.645386;,
   -13.973018;-1.620527;1.765050;,
   -14.249125;-1.623443;2.411402;,
   -14.262308;-1.598106;3.092932;,
   -14.019243;-1.634773;3.858931;,
   -14.018838;-0.974119;3.870587;,
   13.107188;1.039812;2.184460;,
   13.106050;1.060730;2.875446;,
   12.850203;1.026638;3.634455;,
   12.851669;1.687232;3.649035;,
   9.757466;1.224674;1.113991;,
   9.757602;0.736891;1.427468;,
   9.763133;1.690248;3.300748;,
   9.756300;1.686937;1.430710;,
   -10.897597;-1.949230;1.703704;,
   -10.919667;-1.005176;3.576582;,
   11.415446;1.253952;4.187886;,
   13.298368;1.067695;1.263333;,
   13.327617;1.064594;1.246627;,
   13.126723;1.065278;0.750467;,
   13.163496;1.071831;0.740750;,
   13.123238;1.636238;0.726130;,
   -14.240556;-1.024254;0.946753;,
   -14.293061;-1.601260;0.953132;,
   -14.249090;-1.596570;0.968697;,
   -14.461514;-1.597347;1.466657;,
   -14.426578;-1.592177;1.479068;,
   12.831314;1.052904;1.537966;,
   11.424404;0.416982;4.186529;,
   -13.838949;-1.001543;1.819686;,
   -12.610643;-2.267542;4.438479;,
   12.698926;1.672610;1.595748;,
   12.985317;1.665200;2.869105;,
   12.948051;1.655142;2.209855;,
   13.293988;1.650960;1.301828;,
   -14.138320;-1.008174;3.090272;,
   -14.427895;-1.012332;1.517509;,
   13.866966;1.654270;3.668648;,
   13.938614;1.659224;3.032297;,
   14.004518;1.662100;2.817910;,
   13.982762;1.042931;2.779743;,
   14.033532;1.040465;2.777605;,
   13.948247;1.041994;2.180570;,
   13.997602;1.038857;2.178517;,
   13.977497;1.671849;2.148526;,
   14.920609;1.630568;2.116565;,
   14.947425;1.611757;2.715754;,
   15.855828;1.585837;2.372783;,
   15.859438;1.499991;2.621012;,
   -17.012001;-1.147810;2.793011;,
   -17.001457;-1.058869;2.546276;,
   -16.093336;-1.032919;2.912474;,
   -16.063433;-1.020931;2.303243;,
   -15.113753;-0.987317;2.361784;,
   -15.150159;-1.618480;2.386702;,
   -15.099073;-1.618823;2.389801;,
   -15.189513;-1.620051;2.985825;,
   -15.138428;-1.620394;2.988924;,
   -15.156097;-1.001043;3.020433;,
   -15.093620;-1.003477;3.238385;,
   -15.044497;-1.003592;3.878062;,
   12.323134;1.037120;4.476099;,
   12.330439;0.638966;4.471572;,
   12.666634;1.068341;4.625878;,
   12.661269;0.610879;4.626047;,
   12.965126;1.063411;4.900428;,
   12.965092;0.718029;4.903735;,
   13.108687;0.849621;5.313447;,
   13.031328;0.622732;5.263083;,
   12.908662;0.858556;5.397767;,
   12.836331;0.663307;5.355981;,
   -16.654629;-1.132953;3.931871;,
   -15.780148;-1.019601;3.895564;,
   -15.798852;-1.548809;3.863983;,
   -15.762265;-1.548284;3.850011;,
   -15.841805;-1.547060;3.364832;,
   -15.806210;-1.546868;3.350945;,
   -15.831755;-1.023756;3.326425;,
   -15.112022;-1.585869;3.263861;,
   -15.069306;-1.586464;3.259237;,
   -14.038902;-2.003208;5.581440;,
   -14.112945;-1.811452;5.626689;,
   -13.651609;-2.040319;5.373530;,
   -13.647044;-1.648364;5.366421;,
   -13.025258;-1.623700;5.242414;,
   -13.800508;-1.509190;5.232708;,
   -13.351204;-1.511199;5.015913;,
   -13.856039;-1.608981;4.857530;,
   -13.508507;-1.637756;4.703930;,
   -13.518085;-2.038757;4.701393;,
   14.616896;1.632038;3.695157;,
   14.670551;1.638962;3.127290;,
   13.961575;1.074023;3.067325;,
   13.903939;1.070152;3.052093;,
   13.896714;1.066792;3.643815;,
   13.838858;1.074003;3.638650;,
   13.763197;1.640805;1.355302;,
   13.878719;1.640763;1.985584;,
   13.761324;1.051664;1.394161;,
   13.804151;1.052482;1.385093;,
   14.511186;1.627345;1.219461;,
   14.614714;1.625172;1.801163;,
   11.837636;1.052126;5.003470;,
   11.836206;0.613756;4.998034;,
   12.160338;1.161810;4.774707;,
   12.604415;1.158835;5.004745;,
   12.449062;1.020585;5.139476;,
   12.443276;0.633734;5.135906;,
   13.741656;1.632842;0.544797;,
   13.762513;1.113533;0.570927;,
   13.791231;1.121021;0.552949;,
   14.443803;1.523083;0.332729;,
   14.504913;1.607501;0.538978;,
   13.883515;1.635337;1.047559;,
   14.631854;1.107249;3.677212;,
   15.485499;1.202668;3.718265;,
   15.301165;1.110221;3.491164;,
   15.517849;1.200451;3.308938;,
   14.686888;1.106653;3.169994;,
   15.529237;1.511250;3.265645;,
   15.508689;1.596516;3.516658;,
   15.486673;1.512021;3.754304;,
   15.473637;1.540082;1.555653;,
   15.443827;1.619214;1.323383;,
   15.397762;1.527916;1.081633;,
   14.542456;1.099790;1.247035;,
   15.407455;1.199482;1.125640;,
   15.250024;1.105175;1.392701;,
   15.468849;1.198011;1.521530;,
   14.627109;1.104250;1.770689;,
   -14.899952;-1.016553;1.567798;,
   -15.020545;-1.023305;2.196456;,
   -15.750652;-1.028231;1.992228;,
   -15.630608;-1.022820;1.414508;,
   -14.934053;-1.608098;1.594962;,
   -14.889644;-1.607730;1.605260;,
   -14.859902;-1.029808;0.750566;,
   -15.012309;-1.025822;1.248518;,
   -15.625595;-1.049536;0.735855;,
   -15.565137;-1.133400;0.531865;,
   -14.909251;-1.547385;0.770468;,
   -14.886455;-1.540890;0.778661;,
   12.155074;0.501385;4.778044;,
   12.607233;0.507381;5.004554;,
   -13.811077;-2.161841;5.238613;,
   -13.346719;-2.174263;5.010804;,
   -13.855097;-2.060862;4.855774;,
   -14.162084;-1.953032;5.131876;,
   -14.238501;-2.044149;5.474743;,
   -13.034670;-2.066425;5.244890;,
   -14.160381;-1.610861;5.121107;,
   -14.319196;-1.812381;5.527392;,
   -16.571369;-1.029876;1.503999;,
   -16.522957;-1.113574;1.266616;,
   -15.675522;-1.553088;1.441491;,
   -16.534941;-1.454744;1.306108;,
   -16.386412;-1.542883;1.569681;,
   -16.606525;-1.445304;1.700173;,
   -15.773641;-1.557038;1.962506;,
   -16.671127;-1.047796;3.697188;,
   -16.695452;-1.132464;3.452566;,
   -16.685200;-1.445570;3.492058;,
   -16.472927;-1.534965;3.675220;,
   -16.651834;-1.441650;3.901901;,
   15.845187;1.501779;2.111018;,
   14.954761;1.092569;2.154465;,
   15.844135;1.200350;2.164305;,
   15.666071;1.111577;2.381129;,
   15.863580;1.201044;2.573965;,
   14.970449;1.090100;2.694417;,
   12.832336;1.030161;5.357441;,
   13.030497;1.072181;5.272785;,
   14.905870;1.088800;2.149282;,
   14.919641;1.090262;2.699290;,
   -16.987020;-1.149776;2.293239;,
   -16.099966;-1.562640;2.342001;,
   -16.058826;-1.562795;2.344019;,
   -16.116924;-1.561916;2.882197;,
   -16.075260;-1.562329;2.884232;,
   -15.628545;-1.554235;1.451849;,
   -15.051924;-1.603252;2.163190;,
   -15.009858;-1.603142;2.183211;,
   14.624607;1.459664;0.474812;,
   14.455721;1.234935;0.370531;,
   14.552340;1.237435;0.697729;,
   14.564481;1.520351;0.726212;,
   15.625270;1.444335;3.528894;,
   15.979377;1.428244;2.373288;,
   15.577086;1.455440;1.296552;,
   14.502198;1.098273;1.256904;,
   13.905766;1.049837;1.956991;,
   13.864904;1.058789;1.965231;,
   14.590184;1.110452;3.653519;,
   14.645023;1.108021;3.156441;,
   -15.741000;-1.188235;0.669942;,
   -15.681948;-1.135312;0.925504;,
   -15.670661;-1.424324;0.888836;,
   -15.570879;-1.424767;0.573966;,
   -16.787502;-1.200410;3.710074;,
   -15.005833;-1.593687;3.846534;,
   -15.058490;-1.592953;3.852235;,
   -17.128515;-1.211686;2.544528;,
   -16.993187;-1.441530;2.332496;,
   -17.014238;-1.436682;2.752417;,
   -16.699541;-1.198400;1.472826;,
   -16.610891;-1.116219;1.738697;,
   13.889585;1.121558;1.004042;,
   13.928737;1.121676;0.993394;,
   14.355245;1.131120;0.584369;,
   -15.475708;-1.520442;0.784652;,
   -15.048779;-1.540401;1.198817;,
   -16.812313;-1.535605;2.558405;,
   -14.031042;-1.632077;5.581782;,
   -14.230563;-1.594090;5.494327;,
   -15.025515;-1.544368;1.206855;,
   -15.726579;-1.558274;1.972880;,
   14.582358;1.102707;1.771448;,
   3.533606;2.306259;2.515749;,
   3.531661;2.006151;3.907916;,
   1.181771;1.913019;3.914581;,
   1.183737;2.173270;2.542697;,
   1.176388;1.913593;1.184495;,
   3.526363;2.006369;1.127832;,
   3.526682;0.056162;2.511736;,
   3.528610;0.356342;1.129568;,
   1.178406;0.433561;1.185022;,
   1.176471;0.163239;2.546978;,
   1.183789;0.432987;3.915108;,
   3.523908;0.356110;3.909636;,
   -4.671447;-0.434941;2.894619;,
   -4.650950;-0.735357;1.506948;,
   -4.650257;-1.558840;1.043079;,
   -4.667392;-2.385334;1.509141;,
   -2.301067;-1.577389;1.142903;,
   -2.317803;-2.323961;1.598370;,
   -4.690178;-2.684971;2.891276;,
   -4.710759;-2.384481;4.288946;,
   -2.360834;-2.323406;4.338178;,
   -2.340303;-2.593749;2.960284;,
   -4.704317;-0.734465;4.286670;,
   -2.355104;-0.853384;4.337241;,
   -2.361761;-1.579995;4.792644;,
   -4.711413;-1.550998;4.752741;,
   3.528271;1.183049;0.663677;,
   1.178175;1.180270;0.719700;,
   -2.302157;-0.853903;1.607516;,
   -2.322521;-0.583710;2.965412;,
   3.531987;1.189443;4.373737;,
   1.182006;1.176238;4.369833;,
   -0.144284;-7.230865;14.683480;,
   -0.144284;-7.230865;14.683480;,
   -0.242075;-6.712042;14.729950;,
   -0.242075;-6.712042;14.729950;,
   -0.191618;-7.249602;14.793063;,
   -0.289410;-6.730779;14.839533;,
   -0.298896;-7.274285;14.842885;,
   -0.396688;-6.755462;14.889354;,
   -0.417638;-7.292206;14.793093;,
   -0.515429;-6.773383;14.839562;,
   -0.458746;-7.290141;14.683521;,
   -0.556537;-6.771317;14.729991;,
   -0.421402;-7.272395;14.563978;,
   -0.519194;-6.753572;14.610448;,
   -0.304133;-7.246721;14.524117;,
   -0.401925;-6.727898;14.570586;,
   -0.195382;-7.229790;14.563949;,
   -0.293174;-6.710967;14.610418;,
   -0.623206;-6.849017;15.457190;,
   -0.257170;-7.547468;17.980755;,
   -0.257170;-7.547468;17.980755;,
   0.621519;-7.404142;18.229679;,
   0.621519;-7.404142;18.229679;,
   0.621519;-7.404142;18.229679;,
   0.569802;-7.131949;15.081848;,
   0.589746;-7.234030;20.483532;,
   0.589746;-7.234030;20.483532;,
   0.591382;-7.242643;20.583147;,
   0.591382;-7.242643;20.583147;,
   0.539629;-7.238123;20.423769;,
   0.543230;-7.257073;20.642921;,
   0.234830;-7.294685;20.413847;,
   0.546667;-7.275162;20.852114;,
   0.290013;-7.370829;21.380106;,
   0.550267;-7.294112;21.071266;,
   0.553868;-7.313062;21.290419;,
   0.600220;-7.289157;21.121067;,
   0.600220;-7.289157;21.121067;,
   0.602020;-7.298632;21.230642;,
   0.602020;-7.298632;21.230642;,
   0.626648;-7.429812;20.465996;,
   0.626648;-7.429812;20.465996;,
   0.576532;-7.433906;20.406233;,
   0.580132;-7.452856;20.625385;,
   0.271733;-7.490468;20.396311;,
   0.583569;-7.470944;20.834578;,
   0.326916;-7.566611;21.362570;,
   0.587170;-7.489895;21.053730;,
   0.590770;-7.508845;21.272882;,
   0.637123;-7.484940;21.103531;,
   0.637123;-7.484940;21.103531;,
   0.638923;-7.494415;21.213108;,
   0.638923;-7.494415;21.213108;,
   -0.100734;-6.705920;14.959046;,
   0.173766;-6.650609;14.919165;,
   0.313470;-6.635873;15.048646;,
   0.472011;-6.613126;15.128317;,
   0.477411;-6.641551;15.457047;,
   -0.169666;-7.204422;14.334831;,
   -0.169666;-7.204422;14.334831;,
   -0.118403;-7.206357;14.464324;,
   0.011638;-7.194336;14.603768;,
   0.141516;-7.181453;14.733251;,
   0.080427;-7.181369;14.603759;,
   0.080427;-7.181369;14.603759;,
   0.140206;-7.174562;14.653559;,
   0.140206;-7.174562;14.653559;,
   -0.485752;-7.575259;19.748911;,
   -0.485752;-7.575259;19.748911;,
   -0.522655;-7.379477;19.766447;,
   -0.522655;-7.379477;19.766447;,
   -0.523640;-7.536177;19.803106;,
   -0.523640;-7.536177;19.803106;,
   -0.542092;-7.438286;19.811874;,
   -0.542092;-7.438286;19.811874;,
   -0.698279;-7.581265;20.053043;,
   -0.713040;-7.502952;20.060059;,
   -1.043784;-7.637717;20.184341;,
   -1.043784;-7.637717;20.184341;,
   -1.051165;-7.598561;20.187849;,
   -1.051165;-7.598561;20.187849;,
   -1.134072;-7.644599;20.185230;,
   -1.134072;-7.644599;20.185230;,
   -0.918869;-7.652214;20.723124;,
   -0.826135;-7.604322;20.725740;,
   -0.809961;-7.689679;21.370607;,
   -0.727054;-7.643640;21.373226;,
   -0.768042;-7.749586;22.127676;,
   -0.685135;-7.703547;22.130295;,
   -0.702341;-7.773707;22.877411;,
   -0.677755;-7.742703;22.126789;,
   -0.694961;-7.812863;22.873903;,
   0.322148;-7.702235;22.866760;,
   -0.773755;-7.933890;24.059334;,
   0.168897;-7.913382;25.129795;,
   -0.795387;-8.034328;25.135180;,
   0.181245;-7.978218;26.107775;,
   0.181245;-7.978218;26.107775;,
   -0.681079;-8.100218;26.111393;,
   -0.453103;-8.121484;26.828592;,
   0.705201;-7.469560;19.136166;,
   0.633794;-7.468744;18.976789;,
   0.641158;-7.507506;19.425056;,
   -0.470751;-7.655537;18.737858;,
   -0.751314;-7.732512;19.006855;,
   -0.735588;-7.708135;18.767776;,
   -0.988960;-7.767494;18.897308;,
   -0.982570;-7.747553;18.688116;,
   -1.058567;-7.776154;18.847511;,
   -1.058567;-7.776154;18.847511;,
   0.536002;-6.949921;19.023260;,
   0.607409;-6.950737;19.182634;,
   0.756613;-6.932426;19.292192;,
   0.854405;-7.451249;19.245722;,
   1.062885;-6.883616;19.391768;,
   1.160677;-7.402440;19.345297;,
   1.170831;-7.402310;19.365219;,
   1.170831;-7.402310;19.365219;,
   -0.287149;-7.603976;18.548565;,
   -0.384941;-7.085153;18.595034;,
   -0.568543;-7.136714;18.784327;,
   -0.833379;-7.189312;18.814245;,
   -1.080362;-7.228730;18.734587;,
   -1.156359;-7.257331;18.893980;,
   -1.156359;-7.257331;18.893980;,
   1.073040;-6.883487;19.411688;,
   1.073040;-6.883487;19.411688;,
   0.908436;-6.927897;19.561132;,
   1.006228;-7.446721;19.514664;,
   0.869129;-6.935307;19.561138;,
   0.966920;-7.454130;19.514669;,
   0.543367;-6.988683;19.471527;,
   -1.086752;-7.248671;18.943779;,
   -0.849105;-7.213689;19.053324;,
   0.523727;-6.885319;18.276148;,
   0.523727;-6.885319;18.276148;,
   0.523727;-6.885319;18.276148;,
   0.513744;-6.832775;17.668497;,
   0.392086;-6.621054;15.048635;,
   0.392086;-6.621054;15.048635;,
   -0.657105;-6.831316;15.188233;,
   -0.657105;-6.831316;15.188233;,
   0.043724;-6.662630;14.779720;,
   -0.086154;-6.675513;14.650237;,
   -0.017529;-6.661685;14.640267;,
   -0.017529;-6.661685;14.640267;,
   0.409953;-7.147805;14.922484;,
   0.409953;-7.147805;14.922484;,
   0.350173;-7.154613;14.872685;,
   0.350173;-7.154613;14.872685;,
   0.411262;-7.154696;15.002176;,
   0.271557;-7.169432;14.872695;,
   -0.002942;-7.224743;14.912577;,
   -0.559314;-7.350140;15.141764;,
   -0.559314;-7.350140;15.141764;,
   -0.559314;-7.350140;15.141764;,
   0.154913;-7.249079;19.736475;,
   0.154913;-7.249079;19.736475;,
   -0.250133;-7.584507;18.409100;,
   -0.250133;-7.584507;18.409100;,
   -0.250133;-7.584507;18.409100;,
   0.628556;-7.441181;18.658022;,
   0.628556;-7.441181;18.658022;,
   0.628556;-7.441181;18.658022;,
   -0.200724;-7.522725;18.393553;,
   0.569214;-7.396328;18.602644;,
   -0.201378;-7.519279;18.353706;,
   0.568560;-7.392883;18.562798;,
   -0.252096;-7.574171;18.289560;,
   -0.252096;-7.574171;18.289560;,
   -0.252096;-7.574171;18.289560;,
   0.626593;-7.430844;18.538485;,
   0.626593;-7.430844;18.538485;,
   0.626593;-7.430844;18.538485;,
   0.530765;-6.922358;18.704493;,
   0.530765;-6.922358;18.704493;,
   0.530765;-6.922358;18.704493;,
   -0.347924;-7.065684;18.455568;,
   -0.347924;-7.065684;18.455568;,
   -0.347924;-7.065684;18.455568;,
   0.488029;-6.965608;18.641222;,
   -0.281909;-7.092003;18.432131;,
   0.487374;-6.962162;18.601376;,
   -0.282564;-7.088558;18.392284;,
   0.528801;-6.912021;18.584953;,
   0.528801;-6.912021;18.584953;,
   0.528801;-6.912021;18.584953;,
   -0.349888;-7.055347;18.336031;,
   -0.349888;-7.055347;18.336031;,
   -0.349888;-7.055347;18.336031;,
   -0.716714;-6.785451;14.550704;,
   -0.267457;-6.685599;14.381300;,
   -0.267457;-6.685599;14.381300;,
   -0.691342;-7.348818;19.069164;,
   -0.691342;-7.348818;19.069164;,
   -0.529692;-7.342438;19.338102;,
   -0.492790;-7.538220;19.320568;,
   -0.506601;-7.356822;19.547293;,
   -0.469699;-7.552604;19.529757;,
   0.572725;-7.144447;19.447536;,
   0.572725;-7.144447;19.447536;,
   0.584345;-7.205605;20.154802;,
   0.584345;-7.205605;20.154802;,
   0.536192;-7.220035;20.214579;,
   0.191815;-7.444861;19.718939;,
   0.191815;-7.444861;19.718939;,
   0.573095;-7.415817;20.197042;,
   0.621248;-7.401387;20.137266;,
   0.621248;-7.401387;20.137266;,
   0.609628;-7.340230;19.430000;,
   0.609628;-7.340230;19.430000;,
   -0.818754;-7.643479;20.722233;,
   -0.719674;-7.682796;21.369719;,
   0.640723;-7.503890;21.322683;,
   0.640723;-7.503890;21.322683;,
   0.640723;-7.503890;21.322683;,
   0.430244;-7.681859;22.866745;,
   0.306474;-7.887449;25.129776;,
   -0.873869;-7.942625;24.060225;,
   -0.895501;-8.043062;25.136068;,
   -0.771366;-8.107100;26.112282;,
   -0.542736;-8.131812;26.869328;,
   0.620004;-7.554857;22.874609;,
   0.620004;-7.554857;22.874609;,
   0.470443;-7.785583;25.135891;,
   0.329251;-7.899635;26.112139;,
   -0.098686;-8.111779;27.466082;,
   -0.098686;-8.111779;27.466082;,
   -0.688459;-8.061061;26.114901;,
   -0.802767;-7.995171;25.138687;,
   0.141220;-7.766546;25.142946;,
   -0.781135;-7.894733;24.062841;,
   0.285245;-7.506453;22.884295;,
   -0.470310;-8.084180;26.832100;,
   -0.106066;-8.072622;27.469589;,
   -0.106066;-8.072622;27.469589;,
   -0.354962;-7.028645;18.027224;,
   -0.354962;-7.028645;18.027224;,
   -0.618923;-7.304274;14.504235;,
   -0.216195;-6.687535;14.510793;,
   -0.137580;-6.672716;14.510783;,
   -0.137580;-6.672716;14.510783;,
   -0.217504;-6.680644;14.431102;,
   -0.217504;-6.680644;14.431102;,
   0.624848;-7.420337;20.356421;,
   0.624848;-7.420337;20.356421;,
   0.587946;-7.224555;20.373955;,
   0.587946;-7.224555;20.373955;,
   -0.785248;-7.819746;22.874792;,
   0.393342;-7.486076;22.884281;,
   0.603821;-7.308107;21.340219;,
   0.603821;-7.308107;21.340219;,
   0.603821;-7.308107;21.340219;,
   0.278797;-7.740613;25.142929;,
   0.160949;-7.870538;26.117420;,
   0.160949;-7.870538;26.117420;,
   -0.119713;-7.199467;14.384632;,
   -0.119713;-7.199467;14.384632;,
   -0.039788;-7.191539;14.464314;,
   -0.039788;-7.191539;14.464314;,
   -0.087627;-6.667761;14.560584;,
   -0.087627;-6.667761;14.560584;,
   0.010329;-7.187445;14.524076;,
   0.010329;-7.187445;14.524076;,
   0.042415;-6.655739;14.700028;,
   0.042415;-6.655739;14.700028;,
   0.122340;-6.647811;14.779710;,
   0.122340;-6.647811;14.779710;,
   0.220131;-7.166634;14.733241;,
   0.220131;-7.166634;14.733241;,
   0.623048;-7.410862;20.246843;,
   0.623048;-7.410862;20.246843;,
   0.586145;-7.215080;20.264380;,
   0.586145;-7.215080;20.264380;,
   0.635322;-7.475465;20.993956;,
   0.635322;-7.475465;20.993956;,
   0.598584;-7.280544;21.021452;,
   0.598584;-7.280544;21.021452;,
   0.633686;-7.466851;20.894341;,
   0.633686;-7.466851;20.894341;,
   0.596783;-7.271069;20.911875;,
   0.596783;-7.271069;20.911875;,
   0.594983;-7.261593;20.802299;,
   0.594983;-7.261593;20.802299;,
   0.631885;-7.457376;20.784763;,
   0.631885;-7.457376;20.784763;,
   0.628285;-7.438426;20.565611;,
   0.628285;-7.438426;20.565611;,
   0.630085;-7.447901;20.675186;,
   0.630085;-7.447901;20.675186;,
   0.593183;-7.252119;20.692722;,
   0.593183;-7.252119;20.692722;,
   -0.071050;-8.096433;27.466955;,
   -0.137547;-8.121458;27.606426;,
   0.312161;-6.628982;14.968954;,
   0.312161;-6.628982;14.968954;,
   0.489877;-7.139877;15.002167;,
   0.489877;-7.139877;15.002167;,
   0.270248;-7.162540;14.793003;,
   0.270248;-7.162540;14.793003;,
   0.172456;-6.643717;14.839473;,
   0.172456;-6.643717;14.839473;,
   0.252381;-6.635789;14.919154;,
   0.252381;-6.635789;14.919154;,
   -0.654440;-7.544601;19.051628;,
   -0.654440;-7.544601;19.051628;,
   12.218972;1.682534;0.906297;,
   12.218972;1.682534;0.906297;,
   10.088395;1.254694;0.974621;,
   12.414780;1.044911;0.892320;,
   9.756246;0.563580;2.368723;,
   9.754416;0.740260;3.307489;,
   9.763241;1.222465;3.614083;,
